53
105
116
138
182
211
220
239
293
338
351
363
413
470
551
572
613
671
686
739
745
787
837
847
872
900
918
974
1051
1072
1079
1110
1136
1161
1170
1212
1283
1335
1346
1368
1412
1441
1450
1469
1523
1568
1581
1593
1643
1700
1781
1802
1843
1901
1916
1969
1975
2017
2067
2077
2102
2130
2148
2204
2281
2302
2309
2340
2366
2391
2400
2442
2513
2565
2576
2598
2642
2671
2680
2699
2753
2798
2811
2823
2873
2930
3011
3032
3073
3131
3146
3199
3205
3247
3297
3307
3332
3360
3378
3434
3511
3532
3539
3570
3596
3621
3630
3672
3743
3795
3806
3828
3872
3901
3910
3929
3983
4028
4041
4053
4103
4160
4241
4262
4303
4361
4376
4429
4435
4477
4527
4537
4562
4590
4608
4664
4741
4762
4769
4800
4826
4851
4860
4902