word,condition,SF,GD,refix,activity
jahr,0,125,375,1,0.0803022365903
fast,0,250,250,0,0.140119316821
mehr,0,200,200,0,0.123238993427
offen,0,175,175,0,0.1431307417
paar,0,200,325,1,0.0734788847388
gute,0,125,125,0,0.0682595333931
zwei,0,175,175,0,0.116082113488
wird,0,200,200,0,0.162824891006
sich,0,175,175,0,0.135716388328
sind,0,200,200,0,0.140066760269
ihren,0,175,175,0,0.13603072577
sind,0,150,150,0,0.0959038067197
neben,0,175,175,0,0.171908772895
erste,0,175,375,1,0.0605386354714
einen,0,200,200,0,0.0776799505881
hinzu,0,200,200,0,0.181106731086
geld,0,275,275,0,0.15307411505
katze,0,225,225,0,0.157804218582
satz,0,225,225,0,0.158196916292
nicht,0,200,200,0,0.148061108853
muss,0,225,225,0,0.17941439868
sich,0,225,225,0,0.142434201489
stirn,0,250,250,0,0.121790017415
bild,0,225,400,1,0.0851768662028
einen,0,275,275,0,0.113207210636
schon,0,200,200,0,0.0882825616576
star,0,225,225,0,0.081595145342
vier,0,175,175,0,0.159843059551
soll,0,200,200,0,0.166439370486
ist,0,200,200,0,0.0974189768071
einen,0,150,150,0,0.159369099187
schon,0,150,150,0,0.128987631669
saal,0,225,225,0,0.154436180666
gehen,0,250,250,0,0.113815392709
jahr,0,200,200,0,0.114045850433
fast,0,275,275,0,0.141132184626
sich,0,200,200,0,0.141614899174
mehr,0,200,200,0,0.135524871053
offen,0,200,200,0,0.138016901329
paar,0,275,275,0,0.115673437034
gute,0,175,175,0,0.0963624169432
zwei,0,200,200,0,0.131687222618
sind,0,250,250,0,0.163519337655
ihren,0,200,200,0,0.146734566627
sind,0,225,225,0,0.115423113469
neben,0,300,300,0,0.224595578902
erste,0,225,225,0,0.0953625137059
einen,0,250,250,0,0.105804135875
hinzu,0,125,125,0,0.181177156601
woche,0,200,200,0,0.154089605918
geld,0,250,250,0,0.196434497342
katze,0,200,200,0,0.0864770893942
satz,0,150,150,0,0.125553116524
nicht,0,250,250,0,0.120417951391
muss,0,200,200,0,0.131438377108
stirn,0,200,200,0,0.0877098358173
bild,0,150,150,0,0.107137818789
einen,0,200,200,0,0.124866443238
schon,0,150,150,0,0.113210174289
star,0,250,250,0,0.0888794125657
vier,0,200,200,0,0.170256457705
soll,0,225,225,0,0.153716039639
ist,0,200,200,0,0.0633266384323
einen,0,200,200,0,0.155166129942
schon,0,225,225,0,0.0953340874063
saal,0,175,175,0,0.118625974434
gehen,0,225,225,0,0.127007586858
jahr,0,150,150,0,0.0983725362152
fast,0,225,225,0,0.122769766111
mehr,0,175,175,0,0.125175218049
offen,0,200,200,0,0.147217047345
paar,0,250,250,0,0.103138109951
gute,0,225,225,0,0.122433457376
zwei,0,200,200,0,0.144104404596
wird,0,200,200,0,0.163566721619
sich,0,175,175,0,0.125146304627
ihren,0,150,150,0,0.12527486283
sind,0,225,225,0,0.116132687723
neben,0,200,200,0,0.187139227658
erste,0,150,375,1,0.0411782107071
einen,0,200,425,1,0.0760584772419
hinzu,0,175,175,0,0.201296090661
woche,0,125,125,0,0.116574996622
geld,0,225,225,0,0.19770257445
katze,0,225,225,0,0.104093142607
satz,0,225,225,0,0.15298466207
nicht,0,250,250,0,0.172482257629
muss,0,200,200,0,0.134363073735
sich,0,175,175,0,0.0993860799445
stirn,0,200,200,0,0.0862304787954
bild,0,175,175,0,0.119131706616
einen,0,250,250,0,0.103086474942
schon,0,150,150,0,0.0481811336493
star,0,150,150,0,0.083997888385
vier,0,175,175,0,0.151215783545
soll,0,175,175,0,0.121677809584
ist,0,225,225,0,0.0962350691422
einen,0,200,200,0,0.168588546934
schon,0,175,175,0,0.0617004047945
saal,0,125,125,0,0.0931097083991
gehen,0,150,150,0,0.127277627312
jahr,0,200,200,0,0.114704512025
fast,0,250,250,0,0.142725409501
mehr,0,225,225,0,0.1505281676
offen,0,200,200,0,0.13855352946
paar,0,225,225,0,0.0839143369354
gute,0,225,225,0,0.148116907162
zwei,0,175,175,0,0.103781824804
wird,0,175,175,0,0.164392475607
sich,0,200,200,0,0.102021530412
sind,0,175,175,0,0.160133146994
ihren,0,250,250,0,0.166554996787
sind,0,200,200,0,0.116789321145
neben,0,175,175,0,0.164344397207
erste,0,175,325,1,0.0604508925344
einen,0,225,225,0,0.0936611053657
hinzu,0,250,250,0,0.208234285923
woche,0,225,225,0,0.161961333319
geld,0,175,175,0,0.144402268395
katze,0,200,200,0,0.151278075229
satz,0,225,225,0,0.156750775088
nicht,0,150,150,0,0.149255944144
muss,0,200,200,0,0.136401596167
stirn,0,175,175,0,0.0672521426818
bild,0,250,250,0,0.160358239597
einen,0,150,150,0,0.105465729909
schon,0,175,175,0,0.141703855264
star,0,175,175,0,0.0527814797763
vier,0,200,200,0,0.167237795488
soll,0,275,275,0,0.16434443118
ist,0,175,175,0,0.0840503808449
einen,0,175,175,0,0.151415047145
schon,0,200,200,0,0.123163159064
saal,0,125,125,0,0.0955390054747
gehen,0,250,250,0,0.112170278538
jahr,1,200,200,0,0.0864284518127
fast,1,250,250,0,0.0903808618209
mehr,1,200,200,0,0.0890696813699
offen,1,225,225,0,0.110469354086
paar,1,250,250,0,0.105450431111
gute,1,175,175,0,0.106282093266
zwei,1,175,175,0,0.0716766400999
wird,1,250,250,0,0.118346638526
sich,1,250,250,0,0.104204692393
sind,1,200,200,0,0.139615460784
ihren,1,200,200,0,0.120797680183
sind,1,175,175,0,0.0671985010965
neben,1,175,175,0,0.120818650334
erste,1,200,425,1,0.0522913667878
einen,1,275,400,1,0.0830961316152
hinzu,1,175,175,0,0.130075111526
woche,1,175,175,0,0.094311059487
geld,1,175,175,0,0.0938326867139
katze,1,175,175,0,0.106543069535
satz,1,175,175,0,0.108786022657
nicht,1,150,150,0,0.11245767875
muss,1,250,250,0,0.122472340783
sich,1,225,225,0,0.0828392118614
stirn,1,200,200,0,0.0622701040915
bild,1,175,175,0,0.0917771483015
einen,1,175,175,0,0.0659643774898
schon,1,225,225,0,0.0703164567876
star,1,200,200,0,0.0732557905828
vier,1,175,175,0,0.133539765172
soll,1,225,225,0,0.122211910772
ist,1,225,225,0,0.0789771424441
einen,1,175,175,0,0.11834143142
schon,1,225,225,0,0.102682701635
saal,1,200,200,0,0.0847045917599
gehen,1,175,175,0,0.0804479446314
jahr,1,175,400,1,0.0749500155386
fast,1,275,275,0,0.0974691319825
sich,1,250,250,0,0.0887484330667
offen,1,175,175,0,0.0880203636126
paar,1,200,400,1,0.0530858834585
gute,1,150,150,0,0.0747201612364
zwei,1,225,225,0,0.0961236528874
wird,1,150,150,0,0.0883401410183
sich,1,150,150,0,0.0830884724521
sind,1,275,275,0,0.141494117444
ihren,1,200,200,0,0.120495901655
sind,1,225,225,0,0.0870305663738
neben,1,175,175,0,0.133942733981
erste,1,225,425,1,0.0588796126121
einen,1,125,350,1,0.0138311342536
hinzu,1,200,200,0,0.160810680676
woche,1,175,175,0,0.0936013353853
geld,1,225,225,0,0.120726861638
katze,1,225,425,1,0.0744996530171
satz,1,200,200,0,0.114909882808
nicht,1,150,150,0,0.0888437433541
muss,1,200,200,0,0.106699377153
sich,1,200,200,0,0.0931644538474
stirn,1,200,200,0,0.0649790414946
bild,1,275,275,0,0.0727482920049
einen,1,200,375,1,0.0503955282119
schon,1,225,375,1,0.0741489483198
star,1,250,500,1,0.0614952495324
vier,1,250,250,0,0.136912931296
soll,1,250,250,0,0.115962308246
ist,1,200,200,0,0.0715093086622
einen,1,175,175,0,0.126634378416
schon,1,250,425,1,0.076058343404
saal,1,200,200,0,0.0845961226868
gehen,1,200,400,1,0.0627782377132
jahr,1,250,250,0,0.101814165744
fast,1,250,250,0,0.0958869601626
sich,1,200,200,0,0.0863108246921
mehr,1,200,200,0,0.0832741224797
offen,1,225,225,0,0.123844144252
paar,1,175,375,1,0.041040408512
gute,1,250,250,0,0.101702584247
zwei,1,150,150,0,0.0732706876708
wird,1,250,250,0,0.117671128493
sich,1,225,225,0,0.111771084116
ihren,1,250,250,0,0.131876699027
sind,1,150,325,1,0.0738726446143
neben,1,225,225,0,0.122657248186
erste,1,250,400,1,0.0697540445901
einen,1,275,275,0,0.0725632360318
hinzu,1,175,175,0,0.130841717315
woche,1,200,200,0,0.106853831654
geld,1,175,175,0,0.107006110661
katze,1,150,150,0,0.104601835436
satz,1,175,175,0,0.108266308745
nicht,1,175,175,0,0.113129885686
muss,1,250,250,0,0.117161455071
sich,1,200,200,0,0.0810788191249
stirn,1,200,200,0,0.06266031831
bild,1,175,175,0,0.0874677079728
einen,1,250,450,1,0.0703501919625
schon,1,125,125,0,0.0149392347734
vier,1,200,350,1,0.0827833603992
soll,1,175,350,1,0.0630178733809
ist,1,175,175,0,0.0735646255044
einen,1,175,175,0,0.12636103551
schon,1,175,375,1,0.0419353775863
saal,1,225,225,0,0.0947040075047
gehen,1,250,250,0,0.0976406113466
jahr,1,175,300,1,0.0755397491923
fast,1,200,325,1,0.0715891756515
sich,1,200,200,0,0.0877245510675
mehr,1,225,225,0,0.102864892424
offen,1,225,225,0,0.133640216979
paar,1,175,375,1,0.0412512329272
gute,1,200,200,0,0.0943024100753
zwei,1,225,225,0,0.0811297811056
wird,1,250,250,0,0.120073982907
sich,1,175,175,0,0.0915446134656
sind,1,225,225,0,0.120410050351
ihren,1,250,250,0,0.125152586048
sind,1,200,200,0,0.0713073414852
neben,1,225,225,0,0.133074058163
erste,1,200,450,1,0.0514807782627
einen,1,225,450,1,0.0631431937913
hinzu,1,150,150,0,0.154680814678
woche,1,175,175,0,0.0983600533575
geld,1,225,225,0,0.133014429943
katze,1,200,375,1,0.0581519858256
satz,1,125,125,0,0.101801869182
nicht,1,200,400,1,0.0674792081951
muss,1,200,200,0,0.108332734155
sich,1,225,225,0,0.102643620074
stirn,1,175,175,0,0.0455018588903
bild,1,200,200,0,0.0920624851013
einen,1,225,225,0,0.077877261384
schon,1,225,225,0,0.110526740184
star,1,225,425,1,0.0866698327405
vier,1,200,200,0,0.129065367644
soll,1,250,250,0,0.133209682184
ist,1,225,225,0,0.0572772340999
einen,1,225,225,0,0.133670061174
schon,1,225,225,0,0.0651645873145
saal,1,200,200,0,0.0808791549311
gehen,1,200,400,1,0.0583545974267
jahr,2,200,400,1,0.083966025341
fast,2,150,150,0,0.0838282333895
offen,2,225,225,0,0.108839310353
paar,2,225,375,1,0.0620545121041
gute,2,225,225,0,0.109592782666
wird,2,275,275,0,0.136613118777
sich,2,200,200,0,0.0897428736932
sind,2,125,125,0,0.0951399731805
ihren,2,200,200,0,0.117054912382
sind,2,150,400,1,0.0726671955388
neben,2,250,250,0,0.168729934563
erste,2,225,225,0,0.0602905941004
einen,2,250,425,1,0.0817672749134
hinzu,2,200,200,0,0.142636757012
woche,2,200,200,0,0.116441568475
katze,2,225,225,0,0.114652560582
satz,2,175,175,0,0.115198416006
nicht,2,200,200,0,0.120620520806
muss,2,200,200,0,0.110416686454
sich,2,225,225,0,0.0946293422305
stirn,2,175,175,0,0.0550129241291
bild,2,225,225,0,0.100540348114
einen,2,200,200,0,0.0770015833836
schon,2,150,350,1,0.0752951376704
star,2,175,175,0,0.0774800048735
vier,2,175,175,0,0.114475199256
soll,2,200,450,1,0.0795593692735
ist,2,200,200,0,0.0804131294481
einen,2,200,200,0,0.125602314808
schon,2,150,400,1,0.029006521412
saal,2,125,125,0,0.0632688454192
gehen,2,225,225,0,0.102169375885
jahr,2,225,225,0,0.0871596733087
fast,2,250,250,0,0.0856197117673
sich,2,225,225,0,0.0988422832609
mehr,2,200,200,0,0.0907726369882
offen,2,200,200,0,0.106012075136
paar,2,225,425,1,0.0609790985885
gute,2,250,250,0,0.110982687003
zwei,2,200,200,0,0.0842912210532
wird,2,200,200,0,0.122868679644
sich,2,225,225,0,0.0914351544683
sind,2,200,200,0,0.127758487867
ihren,2,150,150,0,0.127269415309
sind,2,175,175,0,0.0659881002927
neben,2,125,125,0,0.131159431291
erste,2,150,150,0,0.0301445984146
einen,2,200,200,0,0.0533182813146
hinzu,2,225,225,0,0.151058834711
geld,2,150,150,0,0.112712780729
katze,2,275,475,1,0.0920675753774
satz,2,175,175,0,0.114084230941
nicht,2,150,150,0,0.0931709658717
muss,2,275,275,0,0.133987271804
sich,2,200,200,0,0.0857848584713
stirn,2,225,225,0,0.0857562399578
bild,2,250,250,0,0.107030239479
einen,2,225,225,0,0.096946365741
schon,2,200,200,0,0.0941188679738
star,2,225,400,1,0.057738904002
vier,2,250,250,0,0.144927771205
soll,2,225,225,0,0.10999637615
ist,2,175,175,0,0.0606864460726
einen,2,200,200,0,0.115418138016
schon,2,200,450,1,0.0535909284256
saal,2,175,175,0,0.0788642815851
gehen,2,200,450,1,0.0612978831423
jahr,2,225,450,1,0.0834595902971
fast,2,200,200,0,0.0756851534344
sich,2,150,150,0,0.0824119198996
mehr,2,200,200,0,0.0847246774428
offen,2,175,175,0,0.0988180340692
paar,2,200,450,1,0.0512712066837
gute,2,175,175,0,0.0816251767626
zwei,2,200,200,0,0.0854240553262
wird,2,200,200,0,0.116747784474
sich,2,125,125,0,0.0602505539921
sind,2,200,200,0,0.116654287565
ihren,2,250,250,0,0.132282187438
sind,2,200,200,0,0.0680132615153
neben,2,275,275,0,0.175178244298
erste,2,175,400,1,0.0447603315011
einen,2,225,225,0,0.0646000843517
hinzu,2,150,150,0,0.132141035612
geld,2,225,225,0,0.0988712735565
katze,2,125,425,1,0.0168298287088
satz,2,225,225,0,0.126788196525
nicht,2,175,175,0,0.111022612257
muss,2,225,225,0,0.12176076756
sich,2,125,275,1,0.0595587419009
stirn,2,250,250,0,0.0973278258484
bild,2,175,175,0,0.0937655186897
einen,2,225,525,1,0.064547730512
schon,2,200,200,0,0.115259796902
star,2,200,200,0,0.0933103389674
vier,2,175,175,0,0.136887092879
soll,2,200,200,0,0.12148447093
einen,2,225,225,0,0.130301491088
schon,2,225,225,0,0.0998367670397
saal,2,225,225,0,0.114503648995
gehen,2,225,375,1,0.0691321926487
jahr,2,225,225,0,0.0902471740451
fast,2,225,225,0,0.0744966671949
mehr,2,200,200,0,0.0928578811678
offen,2,200,200,0,0.118028594597
paar,2,250,450,1,0.0720641941026
gute,2,175,175,0,0.0829845498679
zwei,2,225,225,0,0.0850527014149
wird,2,200,200,0,0.113466948617
sind,2,225,225,0,0.114244320562
ihren,2,225,225,0,0.128853227322
sind,2,150,325,1,0.056105112001
neben,2,175,175,0,0.1698962748
erste,2,225,425,1,0.0728513458495
einen,2,250,250,0,0.0754243255716
hinzu,2,225,225,0,0.148863218368
woche,2,200,200,0,0.130847437092
geld,2,150,150,0,0.128076048202
katze,2,250,450,1,0.0835942571627
satz,2,200,200,0,0.124424410912
nicht,2,200,200,0,0.131019499376
muss,2,225,225,0,0.121327389167
sich,2,225,225,0,0.0900802860984
stirn,2,250,250,0,0.0992882795335
bild,2,250,250,0,0.0978086950278
einen,2,200,200,0,0.0952970907441
schon,2,250,375,1,0.0851733512782
star,2,225,225,0,0.0860282728375
vier,2,175,175,0,0.116528260471
soll,2,225,225,0,0.104123032814
einen,2,200,200,0,0.131605547173
schon,2,175,175,0,0.0863545945482
saal,2,150,150,0,0.0830992715815
gehen,2,225,400,1,0.0799518244229
