subject_nr	list	item_nr	order	cue	correct
2	2	114	2	3	0
2	2	151	2	4	1
2	2	170	2	4	1
2	2	28	1	1	0
2	2	165	2	4	1
2	2	140	1	3	1
2	2	12	2	1	1
2	2	68	2	2	0
2	2	136	1	3	1
2	2	22	2	1	1
2	2	160	2	4	1
2	2	2	2	1	1
2	2	91	1	2	0
2	2	98	1	2	1
2	2	53	2	2	0
2	2	131	1	3	1
2	2	128	1	3	0
2	2	104	2	3	1
2	2	39	1	1	1
2	2	6	2	1	1
2	2	109	2	3	1
2	2	174	2	4	1
2	2	82	1	2	1
2	2	83	1	2	1
2	2	16	2	1	1
2	2	138	1	3	0
2	2	60	2	2	1
2	2	159	2	4	1
2	2	196	1	4	1
2	2	163	2	4	1
2	2	63	2	2	1
2	2	158	2	4	0
2	2	190	1	4	1
2	2	36	1	1	1
2	2	35	1	1	0
2	2	26	1	1	1
2	2	184	1	4	1
2	2	124	2	3	1
2	2	186	1	4	1
2	2	47	1	1	1
2	2	111	2	3	1
2	2	166	2	4	1
2	2	147	1	3	0
2	2	46	1	1	0
2	2	125	2	3	1
2	2	146	1	3	1
2	2	38	1	1	0
2	2	66	2	2	1
2	2	78	1	2	1
2	2	69	2	2	1
2	2	177	1	4	1
2	2	4	2	1	1
2	2	135	1	3	1
2	2	149	1	3	1
2	2	142	1	3	1
2	2	64	2	2	1
2	2	32	1	1	1
2	2	107	2	3	1
2	2	74	2	2	1
2	2	94	1	2	1
2	2	185	1	4	1
2	2	72	2	2	1
2	2	133	1	3	1
2	2	154	2	4	1
2	2	176	1	4	1
2	2	123	2	3	1
2	2	23	2	1	1
2	2	67	2	2	0
2	2	102	2	3	1
2	2	34	1	1	0
2	2	182	1	4	1
2	2	50	1	1	1
2	2	5	2	1	0
2	2	8	2	1	0
2	2	99	1	2	1
2	2	75	2	2	1
2	2	175	2	4	1
2	2	110	2	3	1
2	2	87	1	2	1
2	2	25	2	1	1
2	2	192	1	4	1
2	2	76	1	2	1
2	2	181	1	4	1
2	2	37	1	1	1
2	2	119	2	3	0
2	2	199	1	4	0
2	2	127	1	3	1
2	2	139	1	3	1
2	2	148	1	3	1
2	2	52	2	2	1
2	2	120	2	3	1
2	2	150	1	3	1
2	2	101	2	3	0
2	2	41	1	1	1
2	2	65	2	2	1
2	2	112	2	3	1
2	2	198	1	4	1
2	2	130	1	3	1
2	2	116	2	3	0
2	2	77	1	2	1
2	2	84	1	2	1
2	2	92	1	2	1
2	2	117	2	3	0
2	2	43	1	1	0
2	2	42	1	1	0
2	2	59	2	2	0
2	2	62	2	2	1
2	2	7	2	1	1
2	2	191	1	4	1
2	2	188	1	4	1
2	2	19	2	1	0
2	2	85	1	2	0
2	2	29	1	1	1
2	2	97	1	2	1
2	2	144	1	3	1
2	2	105	2	3	0
2	2	183	1	4	1
2	2	81	1	2	1
2	2	194	1	4	1
2	2	10	2	1	1
2	2	100	1	2	1
2	2	156	2	4	1
2	2	141	1	3	1
2	2	79	1	2	0
2	2	17	2	1	1
2	2	24	2	1	0
2	2	45	1	1	1
2	2	145	1	3	0
2	2	9	2	1	1
2	2	80	1	2	1
2	2	155	2	4	1
2	2	157	2	4	1
2	2	71	2	2	1
2	2	30	1	1	0
2	2	115	2	3	0
2	2	21	2	1	0
2	2	180	1	4	1
2	2	171	2	4	1
2	2	178	1	4	1
2	2	44	1	1	1
2	2	1	2	1	1
2	2	95	1	2	1
2	2	122	2	3	1
2	2	106	2	3	1
2	2	49	1	1	0
2	2	137	1	3	1
2	2	70	2	2	1
2	2	11	2	1	1
2	2	189	1	4	1
2	2	86	1	2	1
2	2	40	1	1	1
2	2	132	1	3	0
2	2	56	2	2	1
2	2	33	1	1	1
2	2	15	2	1	1
2	2	164	2	4	1
2	2	58	2	2	1
2	2	162	2	4	1
2	2	197	1	4	1
2	2	93	1	2	1
2	2	118	2	3	1
2	2	73	2	2	0
2	2	126	1	3	1
2	2	200	1	4	1
2	2	108	2	3	0
2	2	121	2	3	1
2	2	54	2	2	1
2	2	172	2	4	1
2	2	89	1	2	0
2	2	179	1	4	1
2	2	169	2	4	1
2	2	153	2	4	1
2	2	55	2	2	1
2	2	173	2	4	1
2	2	18	2	1	1
2	2	88	1	2	1
2	2	152	2	4	1
2	2	195	1	4	1
2	2	129	1	3	1
2	2	161	2	4	1
2	2	96	1	2	0
2	2	57	2	2	1
2	2	48	1	1	0
2	2	13	2	1	1
2	2	61	2	2	1
2	2	20	2	1	0
2	2	187	1	4	1
2	2	168	2	4	1
2	2	134	1	3	1
2	2	27	1	1	1
2	2	167	2	4	1
2	2	193	1	4	1
2	2	113	2	3	1
2	2	31	1	1	0
2	2	143	1	3	1
2	2	3	2	1	1
2	2	90	1	2	1
2	2	103	2	3	0
2	2	14	2	1	1
2	2	51	2	2	1
4	2	23	2	1	1
4	2	6	2	1	1
4	2	51	2	2	1
4	2	68	2	2	1
4	2	78	1	2	0
4	2	190	1	4	0
4	2	100	1	2	1
4	2	11	2	1	1
4	2	104	2	3	1
4	2	133	1	3	1
4	2	199	1	4	0
4	2	120	2	3	1
4	2	122	2	3	0
4	2	21	2	1	1
4	2	169	2	4	1
4	2	53	2	2	1
4	2	32	1	1	1
4	2	180	1	4	1
4	2	71	2	2	1
4	2	49	1	1	1
4	2	26	1	1	1
4	2	146	1	3	1
4	2	50	1	1	1
4	2	27	1	1	1
4	2	173	2	4	1
4	2	101	2	3	1
4	2	166	2	4	1
4	2	62	2	2	1
4	2	167	2	4	0
4	2	183	1	4	1
4	2	150	1	3	1
4	2	87	1	2	1
4	2	134	1	3	1
4	2	72	2	2	1
4	2	172	2	4	1
4	2	35	1	1	1
4	2	147	1	3	0
4	2	3	2	1	1
4	2	10	2	1	1
4	2	196	1	4	1
4	2	18	2	1	1
4	2	145	1	3	1
4	2	195	1	4	1
4	2	70	2	2	1
4	2	84	1	2	1
4	2	112	2	3	1
4	2	130	1	3	1
4	2	140	1	3	1
4	2	28	1	1	1
4	2	44	1	1	1
4	2	4	2	1	1
4	2	103	2	3	1
4	2	47	1	1	1
4	2	107	2	3	0
4	2	29	1	1	1
4	2	177	1	4	1
4	2	14	2	1	1
4	2	2	2	1	1
4	2	156	2	4	1
4	2	171	2	4	1
4	2	54	2	2	0
4	2	126	1	3	1
4	2	81	1	2	1
4	2	184	1	4	1
4	2	138	1	3	0
4	2	42	1	1	1
4	2	56	2	2	0
4	2	176	1	4	1
4	2	157	2	4	1
4	2	99	1	2	1
4	2	36	1	1	1
4	2	154	2	4	0
4	2	13	2	1	1
4	2	153	2	4	1
4	2	186	1	4	1
4	2	119	2	3	1
4	2	88	1	2	1
4	2	159	2	4	1
4	2	155	2	4	1
4	2	89	1	2	1
4	2	59	2	2	0
4	2	80	1	2	1
4	2	19	2	1	0
4	2	31	1	1	1
4	2	40	1	1	1
4	2	57	2	2	1
4	2	41	1	1	1
4	2	164	2	4	0
4	2	38	1	1	1
4	2	94	1	2	1
4	2	16	2	1	1
4	2	83	1	2	1
4	2	91	1	2	1
4	2	189	1	4	1
4	2	117	2	3	0
4	2	33	1	1	1
4	2	191	1	4	0
4	2	161	2	4	1
4	2	58	2	2	0
4	2	123	2	3	1
4	2	168	2	4	1
4	2	30	1	1	1
4	2	34	1	1	1
4	2	131	1	3	1
4	2	37	1	1	1
4	2	128	1	3	1
4	2	73	2	2	1
4	2	82	1	2	1
4	2	7	2	1	1
4	2	52	2	2	1
4	2	74	2	2	1
4	2	197	1	4	1
4	2	95	1	2	0
4	2	149	1	3	1
4	2	22	2	1	0
4	2	105	2	3	0
4	2	179	1	4	1
4	2	200	1	4	1
4	2	127	1	3	0
4	2	43	1	1	1
4	2	152	2	4	1
4	2	63	2	2	1
4	2	65	2	2	1
4	2	5	2	1	1
4	2	151	2	4	1
4	2	193	1	4	1
4	2	162	2	4	1
4	2	77	1	2	0
4	2	9	2	1	1
4	2	106	2	3	1
4	2	192	1	4	1
4	2	66	2	2	1
4	2	163	2	4	1
4	2	182	1	4	1
4	2	194	1	4	1
4	2	148	1	3	1
4	2	25	2	1	1
4	2	174	2	4	1
4	2	75	2	2	1
4	2	15	2	1	1
4	2	86	1	2	1
4	2	187	1	4	0
4	2	102	2	3	1
4	2	135	1	3	0
4	2	125	2	3	0
4	2	96	1	2	1
4	2	85	1	2	1
4	2	92	1	2	1
4	2	198	1	4	1
4	2	136	1	3	1
4	2	116	2	3	0
4	2	76	1	2	1
4	2	20	2	1	1
4	2	158	2	4	0
4	2	79	1	2	0
4	2	141	1	3	1
4	2	109	2	3	1
4	2	165	2	4	1
4	2	115	2	3	0
4	2	39	1	1	1
4	2	185	1	4	1
4	2	181	1	4	1
4	2	108	2	3	0
4	2	114	2	3	0
4	2	17	2	1	0
4	2	12	2	1	0
4	2	124	2	3	0
4	2	139	1	3	1
4	2	46	1	1	1
4	2	90	1	2	1
4	2	8	2	1	1
4	2	67	2	2	1
4	2	110	2	3	1
4	2	64	2	2	1
4	2	178	1	4	1
4	2	98	1	2	1
4	2	188	1	4	1
4	2	129	1	3	0
4	2	142	1	3	1
4	2	118	2	3	0
4	2	170	2	4	1
4	2	93	1	2	1
4	2	69	2	2	1
4	2	113	2	3	1
4	2	61	2	2	1
4	2	55	2	2	1
4	2	144	1	3	1
4	2	121	2	3	1
4	2	60	2	2	1
4	2	24	2	1	1
4	2	160	2	4	0
4	2	1	2	1	1
4	2	48	1	1	1
4	2	175	2	4	1
4	2	132	1	3	0
4	2	137	1	3	1
4	2	45	1	1	1
4	2	111	2	3	1
4	2	143	1	3	1
4	2	97	1	2	1
5	1	51	1	2	1
5	1	190	2	4	1
5	1	24	1	1	1
5	1	94	2	2	1
5	1	146	2	3	1
5	1	158	1	4	1
5	1	56	1	2	1
5	1	67	1	2	1
5	1	173	1	4	1
5	1	27	2	1	1
5	1	46	2	1	1
5	1	174	1	4	1
5	1	182	2	4	1
5	1	99	2	2	1
5	1	150	2	3	1
5	1	186	2	4	1
5	1	16	1	1	1
5	1	184	2	4	1
5	1	28	2	1	1
5	1	70	1	2	1
5	1	177	2	4	1
5	1	125	1	3	1
5	1	14	1	1	1
5	1	140	2	3	1
5	1	88	2	2	1
5	1	163	1	4	1
5	1	62	1	2	1
5	1	198	2	4	1
5	1	61	1	2	1
5	1	10	1	1	1
5	1	172	1	4	1
5	1	98	2	2	1
5	1	134	2	3	1
5	1	1	1	1	1
5	1	101	1	3	0
5	1	153	1	4	1
5	1	168	1	4	1
5	1	124	1	3	1
5	1	38	2	1	1
5	1	71	1	2	1
5	1	8	1	1	1
5	1	66	1	2	1
5	1	145	2	3	0
5	1	171	1	4	1
5	1	45	2	1	1
5	1	123	1	3	1
5	1	41	2	1	1
5	1	195	2	4	0
5	1	192	2	4	1
5	1	102	1	3	1
5	1	19	1	1	1
5	1	104	1	3	1
5	1	151	1	4	1
5	1	117	1	3	0
5	1	193	2	4	1
5	1	79	2	2	1
5	1	42	2	1	1
5	1	21	1	1	0
5	1	183	2	4	1
5	1	75	1	2	1
5	1	110	1	3	1
5	1	199	2	4	1
5	1	200	2	4	1
5	1	13	1	1	1
5	1	53	1	2	1
5	1	48	2	1	1
5	1	74	1	2	1
5	1	161	1	4	1
5	1	137	2	3	1
5	1	119	1	3	1
5	1	113	1	3	1
5	1	3	1	1	1
5	1	47	2	1	1
5	1	43	2	1	0
5	1	162	1	4	1
5	1	114	1	3	1
5	1	194	2	4	1
5	1	128	2	3	1
5	1	49	2	1	1
5	1	64	1	2	1
5	1	143	2	3	1
5	1	11	1	1	1
5	1	130	2	3	1
5	1	2	1	1	1
5	1	155	1	4	1
5	1	147	2	3	1
5	1	176	2	4	1
5	1	32	2	1	0
5	1	82	2	2	1
5	1	35	2	1	1
5	1	7	1	1	1
5	1	36	2	1	1
5	1	72	1	2	1
5	1	77	2	2	1
5	1	138	2	3	1
5	1	179	2	4	1
5	1	33	2	1	1
5	1	188	2	4	1
5	1	55	1	2	1
5	1	12	1	1	0
5	1	103	1	3	1
5	1	65	1	2	1
5	1	23	1	1	1
5	1	129	2	3	1
5	1	25	1	1	1
5	1	106	1	3	1
5	1	93	2	2	1
5	1	160	1	4	1
5	1	118	1	3	1
5	1	115	1	3	1
5	1	180	2	4	1
5	1	83	2	2	1
5	1	164	1	4	1
5	1	189	2	4	1
5	1	95	2	2	0
5	1	126	2	3	1
5	1	69	1	2	1
5	1	154	1	4	1
5	1	144	2	3	0
5	1	112	1	3	1
5	1	37	2	1	1
5	1	54	1	2	1
5	1	196	2	4	1
5	1	100	2	2	1
5	1	89	2	2	1
5	1	109	1	3	1
5	1	127	2	3	0
5	1	58	1	2	1
5	1	116	1	3	1
5	1	30	2	1	1
5	1	175	1	4	1
5	1	9	1	1	1
5	1	136	2	3	1
5	1	81	2	2	1
5	1	178	2	4	1
5	1	152	1	4	1
5	1	44	2	1	1
5	1	141	2	3	1
5	1	78	2	2	1
5	1	197	2	4	1
5	1	149	2	3	1
5	1	166	1	4	1
5	1	50	2	1	1
5	1	156	1	4	1
5	1	159	1	4	1
5	1	135	2	3	1
5	1	85	2	2	1
5	1	20	1	1	1
5	1	167	1	4	1
5	1	187	2	4	1
5	1	84	2	2	1
5	1	165	1	4	1
5	1	57	1	2	1
5	1	169	1	4	1
5	1	18	1	1	1
5	1	68	1	2	1
5	1	91	2	2	1
5	1	170	1	4	1
5	1	15	1	1	1
5	1	34	2	1	1
5	1	5	1	1	1
5	1	157	1	4	1
5	1	59	1	2	1
5	1	39	2	1	1
5	1	107	1	3	1
5	1	191	2	4	1
5	1	17	1	1	1
5	1	87	2	2	1
5	1	29	2	1	0
5	1	133	2	3	1
5	1	121	1	3	1
5	1	97	2	2	1
5	1	131	2	3	1
5	1	90	2	2	1
5	1	76	2	2	1
5	1	120	1	3	1
5	1	52	1	2	1
5	1	60	1	2	1
5	1	63	1	2	1
5	1	22	1	1	1
5	1	139	2	3	1
5	1	185	2	4	1
5	1	181	2	4	1
5	1	26	2	1	1
5	1	122	1	3	1
5	1	142	2	3	1
5	1	40	2	1	1
5	1	92	2	2	1
5	1	31	2	1	1
5	1	148	2	3	1
5	1	105	1	3	1
5	1	108	1	3	1
5	1	4	1	1	1
5	1	73	1	2	1
5	1	80	2	2	1
5	1	111	1	3	1
5	1	132	2	3	0
5	1	96	2	2	1
5	1	86	2	2	1
5	1	6	1	1	1
6	2	186	1	4	0
6	2	8	2	1	0
6	2	149	1	3	0
6	2	157	2	4	0
6	2	144	1	3	0
6	2	39	1	1	0
6	2	49	1	1	0
6	2	68	2	2	1
6	2	172	2	4	0
6	2	173	2	4	0
6	2	91	1	2	0
6	2	163	2	4	0
6	2	197	1	4	1
6	2	55	2	2	0
6	2	94	1	2	1
6	2	159	2	4	1
6	2	37	1	1	0
6	2	199	1	4	0
6	2	29	1	1	0
6	2	127	1	3	0
6	2	44	1	1	0
6	2	156	2	4	0
6	2	155	2	4	1
6	2	134	1	3	0
6	2	152	2	4	0
6	2	189	1	4	0
6	2	190	1	4	0
6	2	133	1	3	0
6	2	103	2	3	1
6	2	80	1	2	1
6	2	57	2	2	0
6	2	78	1	2	1
6	2	46	1	1	0
6	2	151	2	4	0
6	2	25	2	1	1
6	2	21	2	1	0
6	2	89	1	2	1
6	2	4	2	1	0
6	2	111	2	3	0
6	2	74	2	2	1
6	2	45	1	1	0
6	2	179	1	4	0
6	2	72	2	2	1
6	2	125	2	3	0
6	2	112	2	3	0
6	2	5	2	1	0
6	2	104	2	3	1
6	2	87	1	2	1
6	2	30	1	1	0
6	2	62	2	2	1
6	2	198	1	4	0
6	2	77	1	2	0
6	2	113	2	3	1
6	2	64	2	2	0
6	2	60	2	2	1
6	2	187	1	4	1
6	2	141	1	3	1
6	2	110	2	3	0
6	2	170	2	4	0
6	2	169	2	4	0
6	2	67	2	2	1
6	2	200	1	4	0
6	2	100	1	2	0
6	2	185	1	4	0
6	2	76	1	2	0
6	2	166	2	4	1
6	2	138	1	3	1
6	2	146	1	3	0
6	2	32	1	1	0
6	2	24	2	1	0
6	2	28	1	1	0
6	2	122	2	3	1
6	2	75	2	2	1
6	2	135	1	3	1
6	2	40	1	1	1
6	2	69	2	2	1
6	2	192	1	4	0
6	2	97	1	2	1
6	2	102	2	3	0
6	2	73	2	2	1
6	2	79	1	2	1
6	2	71	2	2	1
6	2	153	2	4	0
6	2	54	2	2	1
6	2	84	1	2	1
6	2	20	2	1	0
6	2	137	1	3	1
6	2	183	1	4	1
6	2	180	1	4	0
6	2	6	2	1	0
6	2	123	2	3	1
6	2	31	1	1	0
6	2	150	1	3	1
6	2	38	1	1	0
6	2	98	1	2	1
6	2	167	2	4	0
6	2	23	2	1	1
6	2	1	2	1	0
6	2	47	1	1	1
6	2	96	1	2	0
6	2	107	2	3	0
6	2	131	1	3	1
6	2	61	2	2	1
6	2	34	1	1	0
6	2	191	1	4	0
6	2	36	1	1	0
6	2	165	2	4	0
6	2	129	1	3	1
6	2	88	1	2	1
6	2	126	1	3	1
6	2	15	2	1	0
6	2	22	2	1	0
6	2	90	1	2	1
6	2	92	1	2	1
6	2	59	2	2	0
6	2	142	1	3	0
6	2	50	1	1	0
6	2	41	1	1	0
6	2	52	2	2	1
6	2	130	1	3	1
6	2	81	1	2	1
6	2	65	2	2	1
6	2	175	2	4	0
6	2	12	2	1	0
6	2	160	2	4	0
6	2	18	2	1	0
6	2	27	1	1	0
6	2	10	2	1	0
6	2	182	1	4	0
6	2	42	1	1	0
6	2	195	1	4	0
6	2	140	1	3	1
6	2	63	2	2	1
6	2	188	1	4	0
6	2	139	1	3	0
6	2	168	2	4	0
6	2	114	2	3	0
6	2	132	1	3	0
6	2	143	1	3	0
6	2	174	2	4	0
6	2	115	2	3	0
6	2	184	1	4	0
6	2	19	2	1	0
6	2	162	2	4	0
6	2	145	1	3	1
6	2	11	2	1	0
6	2	109	2	3	0
6	2	121	2	3	1
6	2	108	2	3	1
6	2	51	2	2	1
6	2	193	1	4	0
6	2	33	1	1	0
6	2	3	2	1	0
6	2	95	1	2	1
6	2	117	2	3	0
6	2	99	1	2	0
6	2	93	1	2	1
6	2	158	2	4	0
6	2	154	2	4	0
6	2	116	2	3	0
6	2	16	2	1	0
6	2	124	2	3	0
6	2	181	1	4	0
6	2	17	2	1	0
6	2	56	2	2	1
6	2	196	1	4	0
6	2	9	2	1	0
6	2	48	1	1	0
6	2	14	2	1	0
6	2	58	2	2	1
6	2	7	2	1	0
6	2	82	1	2	1
6	2	176	1	4	0
6	2	35	1	1	0
6	2	66	2	2	1
6	2	148	1	3	1
6	2	83	1	2	1
6	2	118	2	3	1
6	2	13	2	1	0
6	2	147	1	3	1
6	2	86	1	2	0
6	2	85	1	2	1
6	2	106	2	3	1
6	2	164	2	4	0
6	2	101	2	3	0
6	2	26	1	1	0
6	2	53	2	2	0
6	2	194	1	4	0
6	2	105	2	3	1
6	2	119	2	3	1
6	2	2	2	1	0
6	2	177	1	4	0
6	2	70	2	2	1
6	2	161	2	4	0
6	2	136	1	3	1
6	2	178	1	4	0
6	2	128	1	3	0
6	2	43	1	1	0
6	2	171	2	4	0
6	2	120	2	3	0
7	1	88	2	2	0
7	1	191	2	4	1
7	1	131	2	3	0
7	1	45	2	1	0
7	1	125	1	3	0
7	1	170	1	4	1
7	1	193	2	4	0
7	1	60	1	2	0
7	1	151	1	4	0
7	1	69	1	2	1
7	1	124	1	3	1
7	1	33	2	1	0
7	1	143	2	3	0
7	1	137	2	3	0
7	1	110	1	3	1
7	1	176	2	4	1
7	1	30	2	1	0
7	1	175	1	4	1
7	1	82	2	2	0
7	1	74	1	2	1
7	1	107	1	3	0
7	1	140	2	3	0
7	1	87	2	2	0
7	1	32	2	1	0
7	1	169	1	4	1
7	1	180	2	4	1
7	1	164	1	4	1
7	1	67	1	2	1
7	1	11	1	1	0
7	1	160	1	4	0
7	1	181	2	4	1
7	1	1	1	1	0
7	1	76	2	2	0
7	1	184	2	4	1
7	1	146	2	3	1
7	1	167	1	4	1
7	1	34	2	1	0
7	1	8	1	1	1
7	1	22	1	1	1
7	1	136	2	3	1
7	1	85	2	2	1
7	1	20	1	1	0
7	1	189	2	4	0
7	1	73	1	2	1
7	1	100	2	2	1
7	1	83	2	2	0
7	1	196	2	4	1
7	1	27	2	1	1
7	1	35	2	1	0
7	1	19	1	1	0
7	1	80	2	2	0
7	1	51	1	2	1
7	1	173	1	4	0
7	1	84	2	2	1
7	1	81	2	2	0
7	1	71	1	2	1
7	1	162	1	4	0
7	1	101	1	3	0
7	1	63	1	2	0
7	1	14	1	1	0
7	1	132	2	3	0
7	1	2	1	1	0
7	1	185	2	4	1
7	1	199	2	4	0
7	1	95	2	2	0
7	1	104	1	3	0
7	1	117	1	3	0
7	1	149	2	3	0
7	1	10	1	1	1
7	1	56	1	2	1
7	1	39	2	1	0
7	1	24	1	1	0
7	1	105	1	3	0
7	1	90	2	2	1
7	1	70	1	2	1
7	1	65	1	2	1
7	1	36	2	1	0
7	1	157	1	4	0
7	1	179	2	4	0
7	1	141	2	3	0
7	1	148	2	3	1
7	1	123	1	3	1
7	1	78	2	2	0
7	1	21	1	1	0
7	1	183	2	4	0
7	1	122	1	3	0
7	1	6	1	1	0
7	1	106	1	3	0
7	1	93	2	2	0
7	1	48	2	1	0
7	1	188	2	4	0
7	1	58	1	2	1
7	1	103	1	3	1
7	1	77	2	2	0
7	1	135	2	3	1
7	1	18	1	1	1
7	1	42	2	1	0
7	1	156	1	4	1
7	1	134	2	3	1
7	1	64	1	2	0
7	1	126	2	3	0
7	1	153	1	4	0
7	1	133	2	3	1
7	1	152	1	4	1
7	1	139	2	3	1
7	1	102	1	3	1
7	1	172	1	4	1
7	1	112	1	3	1
7	1	142	2	3	0
7	1	165	1	4	1
7	1	138	2	3	1
7	1	120	1	3	1
7	1	98	2	2	0
7	1	49	2	1	1
7	1	161	1	4	1
7	1	186	2	4	0
7	1	50	2	1	0
7	1	25	1	1	0
7	1	145	2	3	0
7	1	5	1	1	0
7	1	99	2	2	0
7	1	144	2	3	1
7	1	190	2	4	0
7	1	41	2	1	0
7	1	97	2	2	0
7	1	15	1	1	0
7	1	29	2	1	0
7	1	182	2	4	0
7	1	57	1	2	1
7	1	9	1	1	0
7	1	43	2	1	0
7	1	28	2	1	0
7	1	115	1	3	1
7	1	53	1	2	1
7	1	37	2	1	0
7	1	86	2	2	1
7	1	129	2	3	0
7	1	118	1	3	1
7	1	166	1	4	1
7	1	31	2	1	1
7	1	108	1	3	1
7	1	155	1	4	1
7	1	130	2	3	1
7	1	4	1	1	0
7	1	75	1	2	1
7	1	159	1	4	1
7	1	198	2	4	0
7	1	177	2	4	0
7	1	13	1	1	0
7	1	92	2	2	1
7	1	113	1	3	1
7	1	168	1	4	1
7	1	158	1	4	0
7	1	114	1	3	1
7	1	26	2	1	0
7	1	62	1	2	1
7	1	121	1	3	1
7	1	46	2	1	0
7	1	192	2	4	0
7	1	171	1	4	1
7	1	163	1	4	0
7	1	89	2	2	1
7	1	61	1	2	1
7	1	38	2	1	0
7	1	197	2	4	0
7	1	23	1	1	0
7	1	194	2	4	0
7	1	94	2	2	0
7	1	109	1	3	1
7	1	16	1	1	1
7	1	200	2	4	0
7	1	154	1	4	1
7	1	54	1	2	1
7	1	79	2	2	0
7	1	72	1	2	1
7	1	174	1	4	1
7	1	128	2	3	0
7	1	17	1	1	1
7	1	55	1	2	0
7	1	59	1	2	1
7	1	195	2	4	1
7	1	127	2	3	0
7	1	44	2	1	0
7	1	178	2	4	0
7	1	96	2	2	0
7	1	66	1	2	1
7	1	12	1	1	0
7	1	150	2	3	1
7	1	3	1	1	0
7	1	187	2	4	1
7	1	111	1	3	1
7	1	40	2	1	0
7	1	7	1	1	1
7	1	116	1	3	1
7	1	119	1	3	1
7	1	68	1	2	1
7	1	52	1	2	1
7	1	91	2	2	0
7	1	47	2	1	1
7	1	147	2	3	0
8	2	61	2	2	1
8	2	129	1	3	1
8	2	73	2	2	0
8	2	97	1	2	1
8	2	180	1	4	1
8	2	45	1	1	0
8	2	161	2	4	0
8	2	169	2	4	1
8	2	35	1	1	0
8	2	122	2	3	0
8	2	14	2	1	0
8	2	156	2	4	0
8	2	95	1	2	1
8	2	147	1	3	0
8	2	139	1	3	1
8	2	71	2	2	1
8	2	63	2	2	1
8	2	163	2	4	1
8	2	13	2	1	0
8	2	112	2	3	1
8	2	38	1	1	0
8	2	146	1	3	1
8	2	128	1	3	1
8	2	144	1	3	1
8	2	2	2	1	0
8	2	164	2	4	0
8	2	85	1	2	0
8	2	3	2	1	1
8	2	192	1	4	0
8	2	149	1	3	1
8	2	136	1	3	1
8	2	133	1	3	1
8	2	48	1	1	0
8	2	105	2	3	1
8	2	1	2	1	0
8	2	154	2	4	1
8	2	74	2	2	1
8	2	57	2	2	1
8	2	195	1	4	0
8	2	26	1	1	1
8	2	93	1	2	0
8	2	138	1	3	1
8	2	110	2	3	1
8	2	185	1	4	1
8	2	79	1	2	0
8	2	5	2	1	0
8	2	49	1	1	0
8	2	28	1	1	0
8	2	141	1	3	1
8	2	189	1	4	1
8	2	170	2	4	1
8	2	81	1	2	0
8	2	87	1	2	1
8	2	64	2	2	0
8	2	8	2	1	0
8	2	65	2	2	1
8	2	178	1	4	0
8	2	177	1	4	0
8	2	37	1	1	1
8	2	6	2	1	0
8	2	199	1	4	0
8	2	98	1	2	0
8	2	127	1	3	1
8	2	36	1	1	0
8	2	41	1	1	1
8	2	162	2	4	0
8	2	25	2	1	1
8	2	117	2	3	1
8	2	32	1	1	0
8	2	27	1	1	1
8	2	155	2	4	1
8	2	60	2	2	1
8	2	150	1	3	1
8	2	168	2	4	0
8	2	10	2	1	0
8	2	152	2	4	1
8	2	99	1	2	1
8	2	70	2	2	1
8	2	100	1	2	0
8	2	7	2	1	0
8	2	59	2	2	0
8	2	56	2	2	0
8	2	194	1	4	0
8	2	39	1	1	0
8	2	126	1	3	1
8	2	102	2	3	1
8	2	88	1	2	0
8	2	76	1	2	1
8	2	92	1	2	0
8	2	143	1	3	1
8	2	50	1	1	0
8	2	12	2	1	0
8	2	183	1	4	1
8	2	66	2	2	0
8	2	22	2	1	1
8	2	62	2	2	1
8	2	200	1	4	1
8	2	78	1	2	1
8	2	114	2	3	0
8	2	115	2	3	1
8	2	68	2	2	0
8	2	90	1	2	0
8	2	34	1	1	0
8	2	53	2	2	1
8	2	135	1	3	1
8	2	46	1	1	0
8	2	82	1	2	1
8	2	171	2	4	1
8	2	17	2	1	0
8	2	51	2	2	0
8	2	158	2	4	1
8	2	159	2	4	1
8	2	193	1	4	0
8	2	75	2	2	1
8	2	19	2	1	0
8	2	83	1	2	1
8	2	134	1	3	0
8	2	148	1	3	1
8	2	91	1	2	0
8	2	166	2	4	1
8	2	145	1	3	0
8	2	172	2	4	1
8	2	52	2	2	0
8	2	58	2	2	1
8	2	47	1	1	1
8	2	108	2	3	1
8	2	190	1	4	0
8	2	197	1	4	1
8	2	67	2	2	1
8	2	124	2	3	1
8	2	21	2	1	0
8	2	111	2	3	1
8	2	69	2	2	0
8	2	42	1	1	0
8	2	151	2	4	1
8	2	191	1	4	1
8	2	131	1	3	1
8	2	140	1	3	1
8	2	43	1	1	0
8	2	11	2	1	0
8	2	118	2	3	1
8	2	175	2	4	0
8	2	20	2	1	0
8	2	160	2	4	1
8	2	94	1	2	0
8	2	33	1	1	1
8	2	137	1	3	1
8	2	165	2	4	0
8	2	55	2	2	1
8	2	121	2	3	1
8	2	15	2	1	1
8	2	9	2	1	0
8	2	89	1	2	0
8	2	173	2	4	0
8	2	103	2	3	1
8	2	119	2	3	1
8	2	30	1	1	1
8	2	182	1	4	1
8	2	23	2	1	0
8	2	120	2	3	1
8	2	142	1	3	1
8	2	174	2	4	1
8	2	44	1	1	0
8	2	125	2	3	0
8	2	107	2	3	1
8	2	198	1	4	1
8	2	106	2	3	1
8	2	123	2	3	1
8	2	104	2	3	1
8	2	96	1	2	0
8	2	184	1	4	1
8	2	179	1	4	1
8	2	29	1	1	0
8	2	167	2	4	1
8	2	18	2	1	0
8	2	84	1	2	1
8	2	186	1	4	0
8	2	40	1	1	0
8	2	80	1	2	1
8	2	101	2	3	0
8	2	187	1	4	1
8	2	24	2	1	0
8	2	109	2	3	0
8	2	4	2	1	0
8	2	31	1	1	0
8	2	157	2	4	1
8	2	181	1	4	1
8	2	54	2	2	1
8	2	130	1	3	1
8	2	113	2	3	1
8	2	196	1	4	1
8	2	176	1	4	1
8	2	132	1	3	0
8	2	16	2	1	1
8	2	188	1	4	1
8	2	86	1	2	1
8	2	72	2	2	0
8	2	153	2	4	1
8	2	116	2	3	0
8	2	77	1	2	0
9	1	65	1	2	1
9	1	49	2	1	1
9	1	175	1	4	0
9	1	124	1	3	1
9	1	23	1	1	1
9	1	71	1	2	1
9	1	139	2	3	0
9	1	122	1	3	1
9	1	45	2	1	1
9	1	112	1	3	1
9	1	164	1	4	1
9	1	144	2	3	1
9	1	32	2	1	1
9	1	168	1	4	1
9	1	159	1	4	1
9	1	55	1	2	1
9	1	1	1	1	1
9	1	200	2	4	1
9	1	111	1	3	1
9	1	13	1	1	1
9	1	173	1	4	1
9	1	116	1	3	1
9	1	117	1	3	0
9	1	145	2	3	0
9	1	30	2	1	0
9	1	137	2	3	0
9	1	77	2	2	1
9	1	3	1	1	1
9	1	54	1	2	1
9	1	50	2	1	1
9	1	19	1	1	1
9	1	192	2	4	0
9	1	176	2	4	0
9	1	24	1	1	1
9	1	40	2	1	1
9	1	193	2	4	0
9	1	151	1	4	1
9	1	58	1	2	1
9	1	89	2	2	1
9	1	127	2	3	0
9	1	132	2	3	0
9	1	129	2	3	0
9	1	155	1	4	0
9	1	110	1	3	1
9	1	41	2	1	0
9	1	191	2	4	1
9	1	92	2	2	1
9	1	29	2	1	1
9	1	72	1	2	1
9	1	9	1	1	0
9	1	15	1	1	0
9	1	68	1	2	1
9	1	37	2	1	0
9	1	16	1	1	1
9	1	156	1	4	1
9	1	108	1	3	0
9	1	44	2	1	0
9	1	33	2	1	1
9	1	5	1	1	0
9	1	62	1	2	1
9	1	142	2	3	0
9	1	115	1	3	1
9	1	64	1	2	1
9	1	146	2	3	1
9	1	91	2	2	1
9	1	113	1	3	1
9	1	133	2	3	0
9	1	196	2	4	1
9	1	190	2	4	0
9	1	73	1	2	1
9	1	57	1	2	0
9	1	134	2	3	1
9	1	171	1	4	1
9	1	47	2	1	1
9	1	180	2	4	0
9	1	83	2	2	1
9	1	161	1	4	1
9	1	135	2	3	0
9	1	119	1	3	1
9	1	158	1	4	0
9	1	199	2	4	0
9	1	147	2	3	0
9	1	106	1	3	1
9	1	97	2	2	1
9	1	177	2	4	0
9	1	87	2	2	1
9	1	96	2	2	0
9	1	70	1	2	1
9	1	20	1	1	1
9	1	80	2	2	1
9	1	143	2	3	0
9	1	169	1	4	1
9	1	149	2	3	0
9	1	17	1	1	1
9	1	2	1	1	1
9	1	179	2	4	1
9	1	188	2	4	0
9	1	4	1	1	1
9	1	35	2	1	0
9	1	42	2	1	1
9	1	162	1	4	1
9	1	93	2	2	1
9	1	167	1	4	0
9	1	183	2	4	1
9	1	153	1	4	0
9	1	39	2	1	1
9	1	152	1	4	1
9	1	76	2	2	0
9	1	69	1	2	1
9	1	185	2	4	1
9	1	8	1	1	1
9	1	94	2	2	1
9	1	107	1	3	0
9	1	170	1	4	1
9	1	43	2	1	1
9	1	90	2	2	1
9	1	198	2	4	1
9	1	101	1	3	0
9	1	84	2	2	1
9	1	88	2	2	1
9	1	18	1	1	1
9	1	67	1	2	1
9	1	154	1	4	1
9	1	114	1	3	1
9	1	105	1	3	1
9	1	78	2	2	1
9	1	160	1	4	1
9	1	148	2	3	1
9	1	141	2	3	1
9	1	166	1	4	1
9	1	186	2	4	0
9	1	178	2	4	0
9	1	82	2	2	1
9	1	100	2	2	1
9	1	104	1	3	1
9	1	86	2	2	1
9	1	14	1	1	1
9	1	61	1	2	1
9	1	36	2	1	0
9	1	21	1	1	1
9	1	27	2	1	1
9	1	184	2	4	1
9	1	150	2	3	1
9	1	48	2	1	1
9	1	138	2	3	1
9	1	172	1	4	0
9	1	130	2	3	1
9	1	109	1	3	0
9	1	187	2	4	0
9	1	102	1	3	0
9	1	121	1	3	1
9	1	38	2	1	1
9	1	74	1	2	1
9	1	165	1	4	0
9	1	85	2	2	1
9	1	28	2	1	1
9	1	181	2	4	0
9	1	46	2	1	0
9	1	10	1	1	1
9	1	174	1	4	0
9	1	194	2	4	0
9	1	99	2	2	1
9	1	81	2	2	1
9	1	31	2	1	0
9	1	136	2	3	1
9	1	103	1	3	1
9	1	95	2	2	1
9	1	157	1	4	1
9	1	52	1	2	1
9	1	53	1	2	1
9	1	63	1	2	1
9	1	197	2	4	1
9	1	75	1	2	1
9	1	34	2	1	0
9	1	11	1	1	1
9	1	22	1	1	1
9	1	163	1	4	1
9	1	195	2	4	0
9	1	126	2	3	0
9	1	131	2	3	1
9	1	6	1	1	1
9	1	12	1	1	1
9	1	56	1	2	1
9	1	25	1	1	1
9	1	125	1	3	1
9	1	26	2	1	1
9	1	189	2	4	0
9	1	120	1	3	0
9	1	123	1	3	0
9	1	7	1	1	1
9	1	98	2	2	1
9	1	128	2	3	1
9	1	51	1	2	1
9	1	118	1	3	0
9	1	60	1	2	1
9	1	140	2	3	0
9	1	66	1	2	1
9	1	182	2	4	1
9	1	79	2	2	1
9	1	59	1	2	1
10	2	41	1	1	0
10	2	83	1	2	1
10	2	184	1	4	1
10	2	60	2	2	0
10	2	130	1	3	1
10	2	134	1	3	1
10	2	111	2	3	1
10	2	153	2	4	0
10	2	124	2	3	0
10	2	149	1	3	0
10	2	89	1	2	0
10	2	144	1	3	1
10	2	24	2	1	0
10	2	178	1	4	0
10	2	43	1	1	1
10	2	78	1	2	1
10	2	8	2	1	0
10	2	102	2	3	0
10	2	164	2	4	0
10	2	181	1	4	1
10	2	118	2	3	1
10	2	5	2	1	0
10	2	174	2	4	0
10	2	179	1	4	0
10	2	38	1	1	0
10	2	71	2	2	1
10	2	50	1	1	0
10	2	135	1	3	0
10	2	171	2	4	1
10	2	136	1	3	1
10	2	97	1	2	0
10	2	185	1	4	1
10	2	182	1	4	1
10	2	163	2	4	0
10	2	54	2	2	0
10	2	127	1	3	1
10	2	162	2	4	1
10	2	84	1	2	1
10	2	95	1	2	1
10	2	86	1	2	1
10	2	199	1	4	0
10	2	35	1	1	1
10	2	20	2	1	0
10	2	3	2	1	1
10	2	92	1	2	0
10	2	150	1	3	1
10	2	183	1	4	1
10	2	188	1	4	0
10	2	131	1	3	1
10	2	151	2	4	1
10	2	80	1	2	1
10	2	196	1	4	1
10	2	192	1	4	0
10	2	198	1	4	1
10	2	18	2	1	1
10	2	126	1	3	1
10	2	129	1	3	1
10	2	159	2	4	1
10	2	155	2	4	1
10	2	146	1	3	1
10	2	4	2	1	0
10	2	15	2	1	1
10	2	37	1	1	1
10	2	63	2	2	1
10	2	161	2	4	1
10	2	154	2	4	0
10	2	120	2	3	1
10	2	70	2	2	1
10	2	186	1	4	0
10	2	44	1	1	0
10	2	64	2	2	0
10	2	157	2	4	0
10	2	143	1	3	1
10	2	167	2	4	1
10	2	90	1	2	0
10	2	100	1	2	1
10	2	46	1	1	0
10	2	45	1	1	1
10	2	142	1	3	1
10	2	158	2	4	1
10	2	168	2	4	1
10	2	52	2	2	0
10	2	16	2	1	1
10	2	82	1	2	1
10	2	1	2	1	0
10	2	28	1	1	0
10	2	33	1	1	1
10	2	170	2	4	1
10	2	74	2	2	1
10	2	91	1	2	0
10	2	117	2	3	1
10	2	104	2	3	1
10	2	21	2	1	0
10	2	77	1	2	0
10	2	119	2	3	1
10	2	172	2	4	1
10	2	40	1	1	1
10	2	122	2	3	0
10	2	56	2	2	0
10	2	128	1	3	1
10	2	23	2	1	1
10	2	112	2	3	1
10	2	98	1	2	1
10	2	107	2	3	1
10	2	12	2	1	0
10	2	49	1	1	0
10	2	88	1	2	1
10	2	176	1	4	0
10	2	65	2	2	1
10	2	9	2	1	0
10	2	114	2	3	1
10	2	101	2	3	1
10	2	195	1	4	1
10	2	194	1	4	1
10	2	197	1	4	1
10	2	105	2	3	0
10	2	62	2	2	1
10	2	58	2	2	1
10	2	180	1	4	0
10	2	2	2	1	0
10	2	145	1	3	0
10	2	17	2	1	1
10	2	109	2	3	0
10	2	191	1	4	1
10	2	125	2	3	1
10	2	11	2	1	0
10	2	132	1	3	1
10	2	141	1	3	1
10	2	29	1	1	0
10	2	67	2	2	1
10	2	106	2	3	1
10	2	160	2	4	0
10	2	75	2	2	1
10	2	7	2	1	0
10	2	93	1	2	1
10	2	87	1	2	1
10	2	169	2	4	1
10	2	79	1	2	0
10	2	190	1	4	0
10	2	165	2	4	1
10	2	34	1	1	0
10	2	133	1	3	1
10	2	116	2	3	1
10	2	108	2	3	1
10	2	61	2	2	1
10	2	138	1	3	1
10	2	140	1	3	1
10	2	72	2	2	1
10	2	156	2	4	1
10	2	81	1	2	1
10	2	152	2	4	1
10	2	42	1	1	0
10	2	189	1	4	1
10	2	69	2	2	0
10	2	99	1	2	0
10	2	19	2	1	0
10	2	148	1	3	1
10	2	55	2	2	0
10	2	175	2	4	1
10	2	10	2	1	0
10	2	113	2	3	1
10	2	173	2	4	1
10	2	139	1	3	1
10	2	200	1	4	1
10	2	166	2	4	1
10	2	73	2	2	0
10	2	68	2	2	1
10	2	36	1	1	0
10	2	147	1	3	1
10	2	26	1	1	1
10	2	6	2	1	0
10	2	32	1	1	0
10	2	137	1	3	1
10	2	187	1	4	1
10	2	30	1	1	0
10	2	193	1	4	0
10	2	110	2	3	1
10	2	47	1	1	1
10	2	96	1	2	0
10	2	51	2	2	0
10	2	13	2	1	0
10	2	57	2	2	1
10	2	123	2	3	1
10	2	76	1	2	0
10	2	22	2	1	0
10	2	66	2	2	0
10	2	31	1	1	0
10	2	59	2	2	1
10	2	53	2	2	1
10	2	177	1	4	1
10	2	14	2	1	0
10	2	27	1	1	0
10	2	85	1	2	0
10	2	115	2	3	1
10	2	94	1	2	0
10	2	25	2	1	1
10	2	121	2	3	1
10	2	39	1	1	1
10	2	48	1	1	0
10	2	103	2	3	1
11	1	190	2	4	0
11	1	42	2	1	0
11	1	35	2	1	1
11	1	90	2	2	0
11	1	15	1	1	1
11	1	196	2	4	0
11	1	168	1	4	0
11	1	179	2	4	0
11	1	9	1	1	0
11	1	51	1	2	0
11	1	139	2	3	0
11	1	32	2	1	0
11	1	159	1	4	1
11	1	45	2	1	0
11	1	97	2	2	0
11	1	12	1	1	0
11	1	91	2	2	0
11	1	102	1	3	1
11	1	135	2	3	1
11	1	184	2	4	1
11	1	22	1	1	1
11	1	129	2	3	0
11	1	6	1	1	0
11	1	166	1	4	1
11	1	19	1	1	1
11	1	149	2	3	0
11	1	198	2	4	1
11	1	58	1	2	1
11	1	169	1	4	1
11	1	53	1	2	1
11	1	172	1	4	0
11	1	187	2	4	1
11	1	186	2	4	0
11	1	56	1	2	1
11	1	25	1	1	1
11	1	17	1	1	1
11	1	41	2	1	0
11	1	83	2	2	0
11	1	84	2	2	0
11	1	150	2	3	0
11	1	138	2	3	1
11	1	10	1	1	1
11	1	21	1	1	1
11	1	85	2	2	0
11	1	74	1	2	1
11	1	131	2	3	1
11	1	57	1	2	1
11	1	110	1	3	1
11	1	127	2	3	0
11	1	71	1	2	1
11	1	99	2	2	0
11	1	69	1	2	1
11	1	18	1	1	1
11	1	181	2	4	0
11	1	177	2	4	0
11	1	62	1	2	1
11	1	140	2	3	0
11	1	141	2	3	1
11	1	176	2	4	0
11	1	163	1	4	1
11	1	20	1	1	1
11	1	93	2	2	0
11	1	72	1	2	1
11	1	145	2	3	1
11	1	116	1	3	0
11	1	31	2	1	1
11	1	120	1	3	0
11	1	27	2	1	1
11	1	188	2	4	0
11	1	26	2	1	1
11	1	144	2	3	0
11	1	60	1	2	1
11	1	38	2	1	0
11	1	4	1	1	1
11	1	128	2	3	0
11	1	115	1	3	0
11	1	68	1	2	1
11	1	136	2	3	1
11	1	109	1	3	1
11	1	30	2	1	1
11	1	191	2	4	1
11	1	95	2	2	0
11	1	81	2	2	1
11	1	158	1	4	0
11	1	23	1	1	1
11	1	104	1	3	1
11	1	165	1	4	0
11	1	47	2	1	1
11	1	67	1	2	1
11	1	180	2	4	1
11	1	152	1	4	0
11	1	96	2	2	1
11	1	107	1	3	0
11	1	103	1	3	1
11	1	16	1	1	1
11	1	197	2	4	1
11	1	79	2	2	1
11	1	108	1	3	1
11	1	114	1	3	0
11	1	61	1	2	1
11	1	171	1	4	0
11	1	29	2	1	0
11	1	88	2	2	0
11	1	8	1	1	1
11	1	73	1	2	1
11	1	160	1	4	0
11	1	118	1	3	1
11	1	54	1	2	1
11	1	137	2	3	0
11	1	123	1	3	1
11	1	36	2	1	0
11	1	119	1	3	1
11	1	100	2	2	1
11	1	124	1	3	1
11	1	132	2	3	0
11	1	194	2	4	0
11	1	82	2	2	1
11	1	78	2	2	0
11	1	37	2	1	1
11	1	106	1	3	0
11	1	133	2	3	1
11	1	98	2	2	0
11	1	173	1	4	1
11	1	75	1	2	1
11	1	185	2	4	0
11	1	161	1	4	0
11	1	121	1	3	1
11	1	44	2	1	0
11	1	189	2	4	0
11	1	92	2	2	1
11	1	155	1	4	1
11	1	59	1	2	1
11	1	192	2	4	0
11	1	183	2	4	0
11	1	105	1	3	1
11	1	130	2	3	1
11	1	5	1	1	1
11	1	200	2	4	0
11	1	28	2	1	0
11	1	24	1	1	1
11	1	7	1	1	1
11	1	111	1	3	0
11	1	66	1	2	1
11	1	63	1	2	1
11	1	80	2	2	1
11	1	112	1	3	1
11	1	148	2	3	1
11	1	154	1	4	1
11	1	65	1	2	1
11	1	193	2	4	0
11	1	162	1	4	1
11	1	70	1	2	0
11	1	49	2	1	1
11	1	167	1	4	0
11	1	117	1	3	0
11	1	89	2	2	1
11	1	153	1	4	0
11	1	146	2	3	0
11	1	87	2	2	0
11	1	94	2	2	1
11	1	147	2	3	0
11	1	40	2	1	0
11	1	125	1	3	1
11	1	113	1	3	1
11	1	46	2	1	0
11	1	156	1	4	0
11	1	39	2	1	1
11	1	52	1	2	1
11	1	2	1	1	0
11	1	55	1	2	0
11	1	34	2	1	1
11	1	157	1	4	1
11	1	76	2	2	1
11	1	182	2	4	0
11	1	174	1	4	0
11	1	50	2	1	0
11	1	134	2	3	1
11	1	170	1	4	0
11	1	43	2	1	0
11	1	101	1	3	0
11	1	14	1	1	0
11	1	11	1	1	1
11	1	48	2	1	0
11	1	86	2	2	0
11	1	77	2	2	1
11	1	3	1	1	1
11	1	64	1	2	1
11	1	126	2	3	1
11	1	143	2	3	1
11	1	164	1	4	0
11	1	175	1	4	0
11	1	13	1	1	1
11	1	33	2	1	1
11	1	151	1	4	0
11	1	195	2	4	0
11	1	142	2	3	1
11	1	122	1	3	1
11	1	1	1	1	1
11	1	199	2	4	0
11	1	178	2	4	0
13	1	147	2	3	0
13	1	123	1	3	0
13	1	154	1	4	1
13	1	148	2	3	1
13	1	9	1	1	0
13	1	178	2	4	0
13	1	107	1	3	0
13	1	66	1	2	1
13	1	18	1	1	1
13	1	135	2	3	1
13	1	22	1	1	0
13	1	72	1	2	1
13	1	137	2	3	0
13	1	160	1	4	1
13	1	16	1	1	1
13	1	186	2	4	0
13	1	189	2	4	1
13	1	38	2	1	0
13	1	48	2	1	1
13	1	187	2	4	1
13	1	109	1	3	0
13	1	168	1	4	0
13	1	125	1	3	0
13	1	68	1	2	1
13	1	58	1	2	1
13	1	197	2	4	1
13	1	133	2	3	1
13	1	56	1	2	1
13	1	17	1	1	1
13	1	114	1	3	0
13	1	97	2	2	1
13	1	191	2	4	1
13	1	136	2	3	0
13	1	182	2	4	1
13	1	120	1	3	1
13	1	141	2	3	0
13	1	1	1	1	1
13	1	40	2	1	1
13	1	80	2	2	0
13	1	196	2	4	1
13	1	26	2	1	0
13	1	5	1	1	1
13	1	183	2	4	1
13	1	128	2	3	0
13	1	122	1	3	1
13	1	172	1	4	1
13	1	32	2	1	1
13	1	176	2	4	1
13	1	7	1	1	1
13	1	47	2	1	1
13	1	179	2	4	0
13	1	164	1	4	1
13	1	52	1	2	1
13	1	54	1	2	1
13	1	79	2	2	0
13	1	23	1	1	1
13	1	82	2	2	0
13	1	142	2	3	0
13	1	75	1	2	1
13	1	188	2	4	0
13	1	62	1	2	1
13	1	24	1	1	1
13	1	161	1	4	1
13	1	198	2	4	1
13	1	44	2	1	1
13	1	50	2	1	0
13	1	162	1	4	0
13	1	167	1	4	1
13	1	180	2	4	1
13	1	138	2	3	0
13	1	156	1	4	0
13	1	49	2	1	0
13	1	173	1	4	1
13	1	63	1	2	1
13	1	116	1	3	0
13	1	83	2	2	1
13	1	111	1	3	1
13	1	84	2	2	1
13	1	144	2	3	0
13	1	20	1	1	0
13	1	166	1	4	1
13	1	98	2	2	1
13	1	92	2	2	1
13	1	200	2	4	1
13	1	140	2	3	0
13	1	57	1	2	1
13	1	51	1	2	1
13	1	175	1	4	1
13	1	181	2	4	1
13	1	45	2	1	0
13	1	12	1	1	1
13	1	61	1	2	1
13	1	199	2	4	0
13	1	190	2	4	1
13	1	163	1	4	1
13	1	99	2	2	1
13	1	39	2	1	0
13	1	87	2	2	1
13	1	91	2	2	1
13	1	129	2	3	1
13	1	10	1	1	0
13	1	126	2	3	0
13	1	115	1	3	1
13	1	169	1	4	1
13	1	150	2	3	1
13	1	112	1	3	1
13	1	192	2	4	1
13	1	193	2	4	1
13	1	67	1	2	1
13	1	13	1	1	1
13	1	185	2	4	0
13	1	81	2	2	0
13	1	143	2	3	0
13	1	174	1	4	1
13	1	21	1	1	0
13	1	85	2	2	1
13	1	70	1	2	0
13	1	27	2	1	1
13	1	42	2	1	1
13	1	35	2	1	1
13	1	159	1	4	1
13	1	158	1	4	1
13	1	36	2	1	0
13	1	3	1	1	1
13	1	184	2	4	1
13	1	30	2	1	0
13	1	2	1	1	1
13	1	46	2	1	1
13	1	155	1	4	0
13	1	15	1	1	0
13	1	145	2	3	0
13	1	106	1	3	1
13	1	151	1	4	0
13	1	94	2	2	1
13	1	93	2	2	1
13	1	127	2	3	0
13	1	124	1	3	1
13	1	95	2	2	1
13	1	130	2	3	0
13	1	171	1	4	1
13	1	77	2	2	1
13	1	88	2	2	1
13	1	76	2	2	0
13	1	8	1	1	1
13	1	117	1	3	0
13	1	59	1	2	1
13	1	177	2	4	0
13	1	43	2	1	0
13	1	28	2	1	0
13	1	6	1	1	0
13	1	74	1	2	1
13	1	41	2	1	1
13	1	132	2	3	0
13	1	152	1	4	0
13	1	195	2	4	0
13	1	121	1	3	1
13	1	33	2	1	0
13	1	73	1	2	1
13	1	71	1	2	1
13	1	194	2	4	0
13	1	65	1	2	1
13	1	14	1	1	0
13	1	108	1	3	0
13	1	31	2	1	1
13	1	170	1	4	1
13	1	29	2	1	0
13	1	86	2	2	1
13	1	110	1	3	1
13	1	69	1	2	1
13	1	11	1	1	0
13	1	4	1	1	1
13	1	146	2	3	0
13	1	100	2	2	1
13	1	139	2	3	0
13	1	153	1	4	0
13	1	55	1	2	0
13	1	131	2	3	1
13	1	90	2	2	0
13	1	113	1	3	1
13	1	165	1	4	0
13	1	119	1	3	0
13	1	64	1	2	1
13	1	60	1	2	1
13	1	34	2	1	1
13	1	101	1	3	0
13	1	118	1	3	0
13	1	149	2	3	0
13	1	25	1	1	1
13	1	104	1	3	0
13	1	37	2	1	1
13	1	105	1	3	1
13	1	78	2	2	1
13	1	89	2	2	1
13	1	96	2	2	1
13	1	102	1	3	1
13	1	134	2	3	1
13	1	53	1	2	1
13	1	19	1	1	1
13	1	157	1	4	1
13	1	103	1	3	0
14	2	197	1	4	1
14	2	146	1	3	1
14	2	108	2	3	0
14	2	186	1	4	1
14	2	183	1	4	1
14	2	45	1	1	0
14	2	69	2	2	1
14	2	103	2	3	1
14	2	84	1	2	1
14	2	26	1	1	1
14	2	126	1	3	1
14	2	193	1	4	1
14	2	112	2	3	1
14	2	131	1	3	1
14	2	118	2	3	0
14	2	57	2	2	1
14	2	117	2	3	0
14	2	166	2	4	1
14	2	79	1	2	1
14	2	104	2	3	1
14	2	167	2	4	1
14	2	172	2	4	0
14	2	165	2	4	1
14	2	41	1	1	0
14	2	153	2	4	0
14	2	18	2	1	1
14	2	37	1	1	1
14	2	163	2	4	1
14	2	110	2	3	1
14	2	161	2	4	1
14	2	145	1	3	0
14	2	25	2	1	1
14	2	96	1	2	1
14	2	137	1	3	1
14	2	30	1	1	1
14	2	68	2	2	1
14	2	61	2	2	1
14	2	51	2	2	0
14	2	115	2	3	0
14	2	160	2	4	1
14	2	76	1	2	1
14	2	159	2	4	1
14	2	20	2	1	0
14	2	73	2	2	1
14	2	162	2	4	1
14	2	90	1	2	1
14	2	114	2	3	0
14	2	148	1	3	1
14	2	135	1	3	0
14	2	48	1	1	0
14	2	139	1	3	1
14	2	124	2	3	0
14	2	38	1	1	0
14	2	121	2	3	1
14	2	155	2	4	1
14	2	179	1	4	0
14	2	50	1	1	1
14	2	92	1	2	1
14	2	125	2	3	0
14	2	63	2	2	1
14	2	169	2	4	1
14	2	29	1	1	0
14	2	49	1	1	1
14	2	134	1	3	1
14	2	65	2	2	1
14	2	190	1	4	0
14	2	35	1	1	1
14	2	138	1	3	0
14	2	188	1	4	0
14	2	164	2	4	0
14	2	195	1	4	0
14	2	142	1	3	1
14	2	9	2	1	1
14	2	95	1	2	1
14	2	86	1	2	1
14	2	152	2	4	1
14	2	168	2	4	1
14	2	174	2	4	0
14	2	105	2	3	1
14	2	43	1	1	1
14	2	130	1	3	1
14	2	129	1	3	1
14	2	200	1	4	0
14	2	55	2	2	1
14	2	136	1	3	1
14	2	127	1	3	1
14	2	106	2	3	1
14	2	158	2	4	1
14	2	143	1	3	0
14	2	32	1	1	1
14	2	39	1	1	1
14	2	27	1	1	1
14	2	120	2	3	1
14	2	101	2	3	0
14	2	116	2	3	0
14	2	23	2	1	1
14	2	2	2	1	1
14	2	199	1	4	0
14	2	100	1	2	0
14	2	128	1	3	1
14	2	109	2	3	0
14	2	4	2	1	0
14	2	176	1	4	1
14	2	154	2	4	1
14	2	102	2	3	1
14	2	5	2	1	1
14	2	28	1	1	0
14	2	187	1	4	1
14	2	94	1	2	1
14	2	47	1	1	1
14	2	119	2	3	1
14	2	53	2	2	1
14	2	6	2	1	1
14	2	82	1	2	1
14	2	189	1	4	0
14	2	181	1	4	1
14	2	81	1	2	1
14	2	34	1	1	1
14	2	22	2	1	0
14	2	60	2	2	1
14	2	21	2	1	0
14	2	46	1	1	0
14	2	157	2	4	0
14	2	59	2	2	1
14	2	36	1	1	1
14	2	71	2	2	1
14	2	83	1	2	1
14	2	12	2	1	0
14	2	196	1	4	0
14	2	7	2	1	1
14	2	66	2	2	1
14	2	192	1	4	0
14	2	1	2	1	0
14	2	85	1	2	1
14	2	14	2	1	0
14	2	80	1	2	0
14	2	194	1	4	0
14	2	171	2	4	0
14	2	98	1	2	1
14	2	140	1	3	1
14	2	62	2	2	1
14	2	31	1	1	1
14	2	74	2	2	1
14	2	89	1	2	1
14	2	78	1	2	1
14	2	11	2	1	1
14	2	44	1	1	0
14	2	122	2	3	1
14	2	15	2	1	1
14	2	58	2	2	1
14	2	56	2	2	1
14	2	42	1	1	0
14	2	54	2	2	0
14	2	149	1	3	1
14	2	77	1	2	1
14	2	88	1	2	1
14	2	173	2	4	0
14	2	175	2	4	1
14	2	123	2	3	1
14	2	185	1	4	0
14	2	99	1	2	1
14	2	70	2	2	1
14	2	24	2	1	0
14	2	107	2	3	0
14	2	133	1	3	1
14	2	19	2	1	0
14	2	111	2	3	1
14	2	97	1	2	1
14	2	10	2	1	1
14	2	17	2	1	1
14	2	16	2	1	1
14	2	91	1	2	0
14	2	67	2	2	1
14	2	3	2	1	1
14	2	75	2	2	1
14	2	177	1	4	0
14	2	40	1	1	1
14	2	141	1	3	1
14	2	156	2	4	0
14	2	93	1	2	0
14	2	151	2	4	1
14	2	132	1	3	0
14	2	113	2	3	1
14	2	198	1	4	1
14	2	87	1	2	1
14	2	180	1	4	1
14	2	64	2	2	0
14	2	150	1	3	1
14	2	191	1	4	1
14	2	13	2	1	0
14	2	170	2	4	0
14	2	8	2	1	0
14	2	52	2	2	1
14	2	147	1	3	0
14	2	72	2	2	1
14	2	33	1	1	1
14	2	144	1	3	1
14	2	182	1	4	0
14	2	178	1	4	1
14	2	184	1	4	1
15	1	43	2	1	1
15	1	81	2	2	0
15	1	199	2	4	0
15	1	4	1	1	1
15	1	12	1	1	1
15	1	5	1	1	0
15	1	139	2	3	0
15	1	188	2	4	0
15	1	42	2	1	0
15	1	88	2	2	0
15	1	78	2	2	0
15	1	168	1	4	1
15	1	48	2	1	1
15	1	97	2	2	0
15	1	195	2	4	0
15	1	104	1	3	1
15	1	117	1	3	1
15	1	31	2	1	0
15	1	80	2	2	1
15	1	60	1	2	1
15	1	90	2	2	0
15	1	194	2	4	0
15	1	13	1	1	0
15	1	127	2	3	0
15	1	175	1	4	1
15	1	165	1	4	1
15	1	84	2	2	0
15	1	196	2	4	0
15	1	156	1	4	1
15	1	36	2	1	0
15	1	102	1	3	1
15	1	151	1	4	1
15	1	180	2	4	0
15	1	128	2	3	1
15	1	130	2	3	1
15	1	114	1	3	1
15	1	45	2	1	0
15	1	123	1	3	1
15	1	105	1	3	0
15	1	111	1	3	1
15	1	89	2	2	1
15	1	85	2	2	1
15	1	6	1	1	0
15	1	37	2	1	1
15	1	158	1	4	1
15	1	169	1	4	1
15	1	183	2	4	0
15	1	33	2	1	0
15	1	79	2	2	0
15	1	68	1	2	0
15	1	65	1	2	1
15	1	124	1	3	1
15	1	150	2	3	1
15	1	41	2	1	0
15	1	125	1	3	0
15	1	76	2	2	0
15	1	83	2	2	1
15	1	141	2	3	0
15	1	27	2	1	1
15	1	39	2	1	0
15	1	66	1	2	1
15	1	154	1	4	1
15	1	20	1	1	0
15	1	131	2	3	1
15	1	191	2	4	0
15	1	167	1	4	1
15	1	52	1	2	1
15	1	200	2	4	0
15	1	71	1	2	1
15	1	2	1	1	1
15	1	22	1	1	0
15	1	50	2	1	0
15	1	146	2	3	0
15	1	190	2	4	0
15	1	120	1	3	1
15	1	30	2	1	0
15	1	152	1	4	1
15	1	100	2	2	1
15	1	170	1	4	1
15	1	171	1	4	1
15	1	159	1	4	1
15	1	23	1	1	1
15	1	118	1	3	0
15	1	92	2	2	1
15	1	113	1	3	1
15	1	62	1	2	1
15	1	164	1	4	1
15	1	174	1	4	0
15	1	177	2	4	0
15	1	19	1	1	0
15	1	3	1	1	1
15	1	46	2	1	0
15	1	140	2	3	0
15	1	77	2	2	0
15	1	16	1	1	1
15	1	101	1	3	0
15	1	198	2	4	0
15	1	181	2	4	1
15	1	144	2	3	1
15	1	54	1	2	1
15	1	9	1	1	1
15	1	155	1	4	1
15	1	137	2	3	0
15	1	8	1	1	1
15	1	103	1	3	0
15	1	157	1	4	1
15	1	193	2	4	0
15	1	94	2	2	0
15	1	126	2	3	0
15	1	122	1	3	1
15	1	184	2	4	1
15	1	61	1	2	1
15	1	162	1	4	1
15	1	96	2	2	0
15	1	189	2	4	0
15	1	115	1	3	1
15	1	185	2	4	0
15	1	29	2	1	0
15	1	35	2	1	1
15	1	95	2	2	1
15	1	74	1	2	0
15	1	32	2	1	1
15	1	166	1	4	1
15	1	182	2	4	1
15	1	93	2	2	0
15	1	192	2	4	0
15	1	142	2	3	1
15	1	106	1	3	1
15	1	173	1	4	0
15	1	116	1	3	1
15	1	82	2	2	1
15	1	161	1	4	1
15	1	34	2	1	1
15	1	160	1	4	0
15	1	147	2	3	1
15	1	59	1	2	1
15	1	172	1	4	0
15	1	17	1	1	1
15	1	133	2	3	0
15	1	44	2	1	0
15	1	53	1	2	1
15	1	132	2	3	0
15	1	186	2	4	1
15	1	87	2	2	0
15	1	63	1	2	1
15	1	15	1	1	1
15	1	72	1	2	1
15	1	28	2	1	0
15	1	107	1	3	0
15	1	135	2	3	1
15	1	187	2	4	1
15	1	108	1	3	1
15	1	75	1	2	1
15	1	1	1	1	1
15	1	149	2	3	1
15	1	176	2	4	1
15	1	109	1	3	0
15	1	179	2	4	0
15	1	178	2	4	0
15	1	148	2	3	0
15	1	49	2	1	0
15	1	38	2	1	0
15	1	119	1	3	1
15	1	69	1	2	1
15	1	47	2	1	1
15	1	129	2	3	1
15	1	64	1	2	1
15	1	99	2	2	0
15	1	40	2	1	1
15	1	134	2	3	1
15	1	21	1	1	0
15	1	73	1	2	0
15	1	86	2	2	1
15	1	18	1	1	1
15	1	110	1	3	1
15	1	58	1	2	1
15	1	197	2	4	0
15	1	70	1	2	0
15	1	51	1	2	1
15	1	121	1	3	1
15	1	57	1	2	1
15	1	98	2	2	1
15	1	10	1	1	1
15	1	11	1	1	1
15	1	153	1	4	0
15	1	25	1	1	1
15	1	7	1	1	1
15	1	143	2	3	0
15	1	91	2	2	0
15	1	138	2	3	1
15	1	55	1	2	1
15	1	14	1	1	1
15	1	26	2	1	1
15	1	56	1	2	1
15	1	67	1	2	1
15	1	24	1	1	1
15	1	163	1	4	1
15	1	145	2	3	0
15	1	112	1	3	0
15	1	136	2	3	0
16	2	198	1	4	1
16	2	190	1	4	1
16	2	30	1	1	0
16	2	7	2	1	1
16	2	199	1	4	0
16	2	168	2	4	1
16	2	33	1	1	1
16	2	15	2	1	1
16	2	83	1	2	1
16	2	6	2	1	1
16	2	186	1	4	1
16	2	17	2	1	1
16	2	142	1	3	0
16	2	120	2	3	0
16	2	159	2	4	1
16	2	188	1	4	1
16	2	18	2	1	1
16	2	73	2	2	0
16	2	108	2	3	0
16	2	86	1	2	1
16	2	84	1	2	1
16	2	196	1	4	1
16	2	180	1	4	1
16	2	4	2	1	1
16	2	147	1	3	1
16	2	43	1	1	1
16	2	93	1	2	1
16	2	3	2	1	1
16	2	162	2	4	1
16	2	160	2	4	1
16	2	143	1	3	1
16	2	112	2	3	0
16	2	106	2	3	1
16	2	87	1	2	1
16	2	158	2	4	1
16	2	176	1	4	1
16	2	118	2	3	0
16	2	104	2	3	0
16	2	76	1	2	1
16	2	170	2	4	1
16	2	178	1	4	1
16	2	69	2	2	1
16	2	141	1	3	1
16	2	91	1	2	1
16	2	62	2	2	1
16	2	184	1	4	1
16	2	165	2	4	1
16	2	41	1	1	1
16	2	133	1	3	1
16	2	52	2	2	1
16	2	137	1	3	1
16	2	119	2	3	1
16	2	183	1	4	1
16	2	113	2	3	1
16	2	29	1	1	0
16	2	68	2	2	1
16	2	78	1	2	1
16	2	135	1	3	1
16	2	38	1	1	0
16	2	54	2	2	0
16	2	110	2	3	1
16	2	37	1	1	1
16	2	109	2	3	0
16	2	85	1	2	1
16	2	128	1	3	1
16	2	100	1	2	1
16	2	55	2	2	1
16	2	75	2	2	1
16	2	28	1	1	1
16	2	34	1	1	1
16	2	117	2	3	0
16	2	8	2	1	1
16	2	40	1	1	1
16	2	5	2	1	1
16	2	61	2	2	1
16	2	92	1	2	1
16	2	126	1	3	1
16	2	124	2	3	1
16	2	138	1	3	1
16	2	88	1	2	1
16	2	47	1	1	1
16	2	16	2	1	1
16	2	45	1	1	1
16	2	63	2	2	1
16	2	99	1	2	0
16	2	191	1	4	1
16	2	59	2	2	1
16	2	127	1	3	0
16	2	132	1	3	1
16	2	23	2	1	1
16	2	70	2	2	1
16	2	58	2	2	1
16	2	131	1	3	1
16	2	56	2	2	1
16	2	72	2	2	1
16	2	172	2	4	1
16	2	9	2	1	0
16	2	155	2	4	1
16	2	197	1	4	1
16	2	14	2	1	1
16	2	182	1	4	1
16	2	173	2	4	1
16	2	163	2	4	0
16	2	21	2	1	1
16	2	10	2	1	0
16	2	171	2	4	1
16	2	50	1	1	0
16	2	39	1	1	1
16	2	174	2	4	1
16	2	145	1	3	0
16	2	89	1	2	1
16	2	140	1	3	1
16	2	167	2	4	1
16	2	57	2	2	1
16	2	71	2	2	1
16	2	195	1	4	1
16	2	175	2	4	1
16	2	150	1	3	1
16	2	11	2	1	1
16	2	192	1	4	1
16	2	22	2	1	1
16	2	136	1	3	1
16	2	187	1	4	1
16	2	24	2	1	1
16	2	111	2	3	1
16	2	80	1	2	1
16	2	166	2	4	1
16	2	94	1	2	1
16	2	32	1	1	1
16	2	181	1	4	1
16	2	20	2	1	0
16	2	35	1	1	1
16	2	115	2	3	1
16	2	156	2	4	1
16	2	125	2	3	0
16	2	122	2	3	1
16	2	67	2	2	1
16	2	81	1	2	1
16	2	95	1	2	1
16	2	161	2	4	1
16	2	185	1	4	1
16	2	42	1	1	1
16	2	31	1	1	1
16	2	96	1	2	1
16	2	13	2	1	0
16	2	79	1	2	1
16	2	53	2	2	1
16	2	64	2	2	1
16	2	103	2	3	1
16	2	152	2	4	0
16	2	107	2	3	1
16	2	177	1	4	0
16	2	1	2	1	0
16	2	36	1	1	1
16	2	154	2	4	1
16	2	98	1	2	1
16	2	149	1	3	1
16	2	48	1	1	1
16	2	129	1	3	1
16	2	27	1	1	1
16	2	74	2	2	1
16	2	77	1	2	1
16	2	19	2	1	0
16	2	46	1	1	0
16	2	26	1	1	1
16	2	148	1	3	1
16	2	49	1	1	1
16	2	157	2	4	1
16	2	44	1	1	0
16	2	116	2	3	0
16	2	90	1	2	1
16	2	66	2	2	1
16	2	146	1	3	1
16	2	123	2	3	0
16	2	200	1	4	1
16	2	139	1	3	1
16	2	194	1	4	0
16	2	65	2	2	1
16	2	130	1	3	1
16	2	121	2	3	0
16	2	2	2	1	1
16	2	105	2	3	1
16	2	82	1	2	1
16	2	144	1	3	1
16	2	153	2	4	0
16	2	114	2	3	0
16	2	60	2	2	1
16	2	102	2	3	1
16	2	101	2	3	0
16	2	193	1	4	1
16	2	25	2	1	1
16	2	151	2	4	1
16	2	134	1	3	1
16	2	169	2	4	1
16	2	164	2	4	0
16	2	179	1	4	1
16	2	97	1	2	1
16	2	189	1	4	1
16	2	12	2	1	1
16	2	51	2	2	1
17	1	174	1	4	1
17	1	179	2	4	1
17	1	200	2	4	1
17	1	32	2	1	1
17	1	26	2	1	1
17	1	33	2	1	1
17	1	104	1	3	1
17	1	187	2	4	1
17	1	28	2	1	0
17	1	93	2	2	1
17	1	91	2	2	1
17	1	61	1	2	1
17	1	22	1	1	1
17	1	67	1	2	1
17	1	113	1	3	1
17	1	52	1	2	1
17	1	48	2	1	0
17	1	100	2	2	1
17	1	38	2	1	0
17	1	77	2	2	1
17	1	161	1	4	1
17	1	43	2	1	0
17	1	25	1	1	1
17	1	31	2	1	1
17	1	159	1	4	1
17	1	188	2	4	1
17	1	119	1	3	1
17	1	199	2	4	0
17	1	111	1	3	1
17	1	171	1	4	1
17	1	44	2	1	1
17	1	121	1	3	1
17	1	51	1	2	1
17	1	189	2	4	1
17	1	169	1	4	1
17	1	166	1	4	1
17	1	126	2	3	0
17	1	133	2	3	1
17	1	80	2	2	1
17	1	164	1	4	1
17	1	35	2	1	1
17	1	114	1	3	1
17	1	129	2	3	0
17	1	64	1	2	1
17	1	11	1	1	1
17	1	90	2	2	1
17	1	155	1	4	1
17	1	101	1	3	1
17	1	162	1	4	1
17	1	116	1	3	1
17	1	140	2	3	1
17	1	167	1	4	1
17	1	34	2	1	1
17	1	138	2	3	1
17	1	23	1	1	1
17	1	163	1	4	1
17	1	95	2	2	0
17	1	42	2	1	0
17	1	13	1	1	1
17	1	63	1	2	1
17	1	173	1	4	1
17	1	198	2	4	1
17	1	131	2	3	1
17	1	128	2	3	0
17	1	152	1	4	1
17	1	14	1	1	0
17	1	186	2	4	1
17	1	109	1	3	1
17	1	82	2	2	1
17	1	123	1	3	1
17	1	9	1	1	1
17	1	98	2	2	1
17	1	175	1	4	1
17	1	168	1	4	1
17	1	196	2	4	1
17	1	132	2	3	0
17	1	127	2	3	0
17	1	106	1	3	1
17	1	79	2	2	0
17	1	62	1	2	1
17	1	46	2	1	1
17	1	180	2	4	1
17	1	12	1	1	0
17	1	83	2	2	1
17	1	88	2	2	0
17	1	115	1	3	1
17	1	39	2	1	1
17	1	18	1	1	1
17	1	71	1	2	1
17	1	97	2	2	1
17	1	50	2	1	0
17	1	21	1	1	1
17	1	17	1	1	1
17	1	156	1	4	1
17	1	7	1	1	1
17	1	94	2	2	1
17	1	29	2	1	1
17	1	181	2	4	1
17	1	4	1	1	1
17	1	184	2	4	1
17	1	160	1	4	1
17	1	110	1	3	1
17	1	141	2	3	1
17	1	148	2	3	1
17	1	190	2	4	1
17	1	137	2	3	0
17	1	142	2	3	0
17	1	122	1	3	1
17	1	87	2	2	1
17	1	68	1	2	1
17	1	191	2	4	1
17	1	107	1	3	1
17	1	118	1	3	1
17	1	15	1	1	1
17	1	103	1	3	1
17	1	55	1	2	1
17	1	150	2	3	1
17	1	16	1	1	1
17	1	54	1	2	1
17	1	136	2	3	0
17	1	149	2	3	0
17	1	24	1	1	1
17	1	185	2	4	1
17	1	1	1	1	1
17	1	177	2	4	0
17	1	89	2	2	1
17	1	20	1	1	1
17	1	96	2	2	1
17	1	139	2	3	1
17	1	120	1	3	1
17	1	183	2	4	1
17	1	78	2	2	1
17	1	65	1	2	1
17	1	30	2	1	0
17	1	59	1	2	1
17	1	72	1	2	1
17	1	73	1	2	1
17	1	27	2	1	1
17	1	178	2	4	1
17	1	3	1	1	1
17	1	182	2	4	1
17	1	195	2	4	1
17	1	47	2	1	1
17	1	108	1	3	0
17	1	147	2	3	0
17	1	56	1	2	1
17	1	176	2	4	1
17	1	130	2	3	0
17	1	37	2	1	0
17	1	57	1	2	1
17	1	153	1	4	1
17	1	19	1	1	1
17	1	60	1	2	1
17	1	8	1	1	1
17	1	85	2	2	1
17	1	151	1	4	1
17	1	143	2	3	1
17	1	125	1	3	0
17	1	45	2	1	1
17	1	5	1	1	1
17	1	158	1	4	1
17	1	86	2	2	0
17	1	66	1	2	1
17	1	10	1	1	1
17	1	145	2	3	0
17	1	124	1	3	1
17	1	74	1	2	1
17	1	36	2	1	1
17	1	117	1	3	1
17	1	76	2	2	0
17	1	70	1	2	1
17	1	40	2	1	1
17	1	58	1	2	1
17	1	157	1	4	1
17	1	53	1	2	1
17	1	170	1	4	1
17	1	6	1	1	1
17	1	81	2	2	1
17	1	194	2	4	1
17	1	41	2	1	1
17	1	154	1	4	0
17	1	197	2	4	1
17	1	193	2	4	1
17	1	144	2	3	0
17	1	192	2	4	1
17	1	92	2	2	1
17	1	112	1	3	1
17	1	99	2	2	1
17	1	102	1	3	1
17	1	49	2	1	1
17	1	135	2	3	0
17	1	75	1	2	1
17	1	134	2	3	1
17	1	69	1	2	1
17	1	105	1	3	0
17	1	165	1	4	0
17	1	146	2	3	1
17	1	2	1	1	1
17	1	172	1	4	1
17	1	84	2	2	1
18	2	63	2	2	1
18	2	22	2	1	0
18	2	156	2	4	0
18	2	163	2	4	1
18	2	101	2	3	0
18	2	77	1	2	1
18	2	23	2	1	0
18	2	114	2	3	1
18	2	98	1	2	1
18	2	127	1	3	0
18	2	80	1	2	1
18	2	124	2	3	0
18	2	49	1	1	1
18	2	189	1	4	0
18	2	62	2	2	1
18	2	141	1	3	1
18	2	30	1	1	1
18	2	134	1	3	1
18	2	115	2	3	0
18	2	102	2	3	1
18	2	81	1	2	1
18	2	14	2	1	0
18	2	52	2	2	1
18	2	29	1	1	0
18	2	45	1	1	1
18	2	176	1	4	0
18	2	155	2	4	1
18	2	82	1	2	1
18	2	181	1	4	0
18	2	126	1	3	1
18	2	136	1	3	1
18	2	10	2	1	0
18	2	88	1	2	0
18	2	188	1	4	1
18	2	35	1	1	1
18	2	65	2	2	1
18	2	186	1	4	1
18	2	177	1	4	0
18	2	92	1	2	0
18	2	76	1	2	1
18	2	56	2	2	1
18	2	157	2	4	1
18	2	118	2	3	1
18	2	160	2	4	0
18	2	139	1	3	1
18	2	89	1	2	1
18	2	171	2	4	0
18	2	168	2	4	1
18	2	36	1	1	1
18	2	154	2	4	1
18	2	187	1	4	1
18	2	184	1	4	1
18	2	131	1	3	1
18	2	159	2	4	1
18	2	33	1	1	1
18	2	165	2	4	1
18	2	105	2	3	1
18	2	57	2	2	1
18	2	121	2	3	1
18	2	75	2	2	1
18	2	38	1	1	0
18	2	4	2	1	0
18	2	54	2	2	0
18	2	153	2	4	1
18	2	70	2	2	1
18	2	125	2	3	0
18	2	185	1	4	1
18	2	28	1	1	1
18	2	143	1	3	0
18	2	5	2	1	0
18	2	78	1	2	1
18	2	95	1	2	0
18	2	128	1	3	0
18	2	40	1	1	1
18	2	27	1	1	1
18	2	111	2	3	0
18	2	192	1	4	1
18	2	94	1	2	1
18	2	9	2	1	0
18	2	166	2	4	1
18	2	3	2	1	0
18	2	129	1	3	1
18	2	99	1	2	1
18	2	93	1	2	1
18	2	46	1	1	0
18	2	179	1	4	1
18	2	123	2	3	1
18	2	198	1	4	1
18	2	37	1	1	0
18	2	51	2	2	1
18	2	41	1	1	1
18	2	107	2	3	0
18	2	87	1	2	1
18	2	86	1	2	1
18	2	180	1	4	1
18	2	169	2	4	1
18	2	191	1	4	1
18	2	25	2	1	1
18	2	48	1	1	0
18	2	140	1	3	1
18	2	60	2	2	1
18	2	113	2	3	1
18	2	120	2	3	1
18	2	161	2	4	1
18	2	7	2	1	1
18	2	100	1	2	1
18	2	112	2	3	0
18	2	150	1	3	0
18	2	132	1	3	0
18	2	50	1	1	0
18	2	164	2	4	1
18	2	199	1	4	1
18	2	17	2	1	0
18	2	21	2	1	1
18	2	190	1	4	0
18	2	162	2	4	1
18	2	174	2	4	1
18	2	146	1	3	1
18	2	116	2	3	1
18	2	147	1	3	1
18	2	58	2	2	1
18	2	148	1	3	1
18	2	144	1	3	1
18	2	24	2	1	0
18	2	96	1	2	0
18	2	39	1	1	0
18	2	72	2	2	1
18	2	142	1	3	1
18	2	158	2	4	1
18	2	138	1	3	1
18	2	183	1	4	1
18	2	200	1	4	1
18	2	109	2	3	0
18	2	172	2	4	0
18	2	104	2	3	1
18	2	8	2	1	0
18	2	195	1	4	0
18	2	32	1	1	0
18	2	122	2	3	1
18	2	196	1	4	1
18	2	55	2	2	1
18	2	43	1	1	0
18	2	26	1	1	1
18	2	83	1	2	1
18	2	90	1	2	1
18	2	145	1	3	1
18	2	53	2	2	1
18	2	66	2	2	1
18	2	19	2	1	0
18	2	197	1	4	1
18	2	149	1	3	1
18	2	182	1	4	1
18	2	44	1	1	0
18	2	85	1	2	1
18	2	170	2	4	1
18	2	74	2	2	1
18	2	110	2	3	1
18	2	130	1	3	1
18	2	11	2	1	0
18	2	12	2	1	0
18	2	47	1	1	1
18	2	119	2	3	1
18	2	151	2	4	1
18	2	31	1	1	1
18	2	167	2	4	1
18	2	106	2	3	1
18	2	137	1	3	1
18	2	135	1	3	1
18	2	16	2	1	1
18	2	133	1	3	1
18	2	193	1	4	1
18	2	175	2	4	1
18	2	15	2	1	1
18	2	18	2	1	0
18	2	13	2	1	0
18	2	61	2	2	1
18	2	79	1	2	0
18	2	178	1	4	1
18	2	108	2	3	1
18	2	67	2	2	1
18	2	69	2	2	1
18	2	64	2	2	1
18	2	34	1	1	0
18	2	20	2	1	1
18	2	194	1	4	0
18	2	71	2	2	1
18	2	91	1	2	0
18	2	97	1	2	0
18	2	6	2	1	0
18	2	68	2	2	1
18	2	1	2	1	0
18	2	59	2	2	1
18	2	2	2	1	1
18	2	84	1	2	1
18	2	117	2	3	0
18	2	152	2	4	1
18	2	173	2	4	0
18	2	42	1	1	0
18	2	73	2	2	1
18	2	103	2	3	1
19	1	44	2	1	1
19	1	71	1	2	1
19	1	115	1	3	1
19	1	174	1	4	0
19	1	21	1	1	1
19	1	97	2	2	1
19	1	110	1	3	1
19	1	95	2	2	1
19	1	161	1	4	1
19	1	146	2	3	1
19	1	129	2	3	1
19	1	128	2	3	0
19	1	166	1	4	1
19	1	8	1	1	1
19	1	67	1	2	1
19	1	147	2	3	0
19	1	149	2	3	0
19	1	104	1	3	1
19	1	5	1	1	0
19	1	11	1	1	1
19	1	144	2	3	0
19	1	70	1	2	1
19	1	32	2	1	1
19	1	181	2	4	1
19	1	117	1	3	0
19	1	72	1	2	1
19	1	51	1	2	1
19	1	172	1	4	1
19	1	155	1	4	1
19	1	141	2	3	0
19	1	111	1	3	1
19	1	74	1	2	1
19	1	120	1	3	1
19	1	176	2	4	1
19	1	34	2	1	1
19	1	98	2	2	1
19	1	9	1	1	1
19	1	54	1	2	1
19	1	106	1	3	1
19	1	156	1	4	1
19	1	145	2	3	0
19	1	80	2	2	0
19	1	22	1	1	1
19	1	28	2	1	1
19	1	63	1	2	1
19	1	24	1	1	1
19	1	85	2	2	1
19	1	127	2	3	0
19	1	160	1	4	1
19	1	200	2	4	0
19	1	26	2	1	1
19	1	79	2	2	0
19	1	186	2	4	0
19	1	153	1	4	0
19	1	123	1	3	1
19	1	180	2	4	1
19	1	151	1	4	1
19	1	114	1	3	0
19	1	62	1	2	1
19	1	55	1	2	1
19	1	109	1	3	0
19	1	142	2	3	0
19	1	82	2	2	1
19	1	27	2	1	0
19	1	139	2	3	0
19	1	65	1	2	1
19	1	50	2	1	0
19	1	3	1	1	1
19	1	198	2	4	1
19	1	61	1	2	1
19	1	105	1	3	0
19	1	162	1	4	0
19	1	132	2	3	0
19	1	124	1	3	0
19	1	2	1	1	1
19	1	138	2	3	0
19	1	14	1	1	0
19	1	178	2	4	0
19	1	197	2	4	1
19	1	136	2	3	0
19	1	118	1	3	0
19	1	75	1	2	1
19	1	25	1	1	1
19	1	152	1	4	1
19	1	112	1	3	1
19	1	188	2	4	1
19	1	199	2	4	0
19	1	126	2	3	0
19	1	103	1	3	1
19	1	194	2	4	1
19	1	18	1	1	1
19	1	77	2	2	0
19	1	140	2	3	1
19	1	119	1	3	1
19	1	39	2	1	0
19	1	66	1	2	1
19	1	183	2	4	0
19	1	167	1	4	0
19	1	69	1	2	1
19	1	43	2	1	0
19	1	101	1	3	1
19	1	7	1	1	0
19	1	187	2	4	1
19	1	131	2	3	0
19	1	4	1	1	0
19	1	29	2	1	1
19	1	81	2	2	1
19	1	93	2	2	1
19	1	192	2	4	1
19	1	116	1	3	0
19	1	15	1	1	0
19	1	19	1	1	1
19	1	17	1	1	1
19	1	163	1	4	1
19	1	184	2	4	1
19	1	52	1	2	1
19	1	42	2	1	1
19	1	68	1	2	1
19	1	107	1	3	0
19	1	165	1	4	1
19	1	108	1	3	0
19	1	96	2	2	1
19	1	150	2	3	1
19	1	83	2	2	1
19	1	102	1	3	1
19	1	10	1	1	1
19	1	56	1	2	1
19	1	143	2	3	1
19	1	53	1	2	1
19	1	86	2	2	1
19	1	59	1	2	1
19	1	135	2	3	1
19	1	37	2	1	1
19	1	58	1	2	1
19	1	185	2	4	0
19	1	182	2	4	1
19	1	35	2	1	0
19	1	171	1	4	1
19	1	30	2	1	0
19	1	94	2	2	1
19	1	41	2	1	1
19	1	195	2	4	0
19	1	169	1	4	1
19	1	47	2	1	1
19	1	36	2	1	1
19	1	137	2	3	1
19	1	158	1	4	1
19	1	87	2	2	1
19	1	6	1	1	0
19	1	175	1	4	1
19	1	31	2	1	1
19	1	38	2	1	0
19	1	76	2	2	0
19	1	89	2	2	1
19	1	193	2	4	1
19	1	20	1	1	0
19	1	60	1	2	1
19	1	121	1	3	1
19	1	157	1	4	1
19	1	23	1	1	1
19	1	196	2	4	0
19	1	170	1	4	1
19	1	99	2	2	1
19	1	49	2	1	1
19	1	64	1	2	1
19	1	177	2	4	1
19	1	73	1	2	1
19	1	88	2	2	1
19	1	90	2	2	1
19	1	33	2	1	1
19	1	45	2	1	1
19	1	179	2	4	1
19	1	159	1	4	1
19	1	148	2	3	1
19	1	16	1	1	1
19	1	1	1	1	1
19	1	130	2	3	0
19	1	122	1	3	1
19	1	84	2	2	1
19	1	57	1	2	1
19	1	12	1	1	1
19	1	154	1	4	1
19	1	78	2	2	1
19	1	189	2	4	0
19	1	46	2	1	0
19	1	13	1	1	1
19	1	48	2	1	1
19	1	113	1	3	1
19	1	100	2	2	1
19	1	125	1	3	1
19	1	40	2	1	1
19	1	191	2	4	1
19	1	164	1	4	1
19	1	190	2	4	0
19	1	133	2	3	1
19	1	173	1	4	1
19	1	92	2	2	1
19	1	134	2	3	0
19	1	168	1	4	1
19	1	91	2	2	1
20	2	10	2	1	0
20	2	103	2	3	0
20	2	28	1	1	0
20	2	32	1	1	0
20	2	159	2	4	1
20	2	25	2	1	1
20	2	13	2	1	0
20	2	127	1	3	0
20	2	189	1	4	0
20	2	194	1	4	0
20	2	22	2	1	0
20	2	55	2	2	1
20	2	109	2	3	0
20	2	57	2	2	1
20	2	122	2	3	1
20	2	146	1	3	0
20	2	112	2	3	1
20	2	14	2	1	0
20	2	24	2	1	1
20	2	105	2	3	0
20	2	172	2	4	0
20	2	85	1	2	0
20	2	73	2	2	0
20	2	182	1	4	0
20	2	125	2	3	0
20	2	152	2	4	0
20	2	190	1	4	0
20	2	5	2	1	0
20	2	93	1	2	1
20	2	91	1	2	0
20	2	26	1	1	1
20	2	150	1	3	0
20	2	143	1	3	0
20	2	75	2	2	1
20	2	149	1	3	0
20	2	128	1	3	1
20	2	27	1	1	0
20	2	64	2	2	0
20	2	46	1	1	0
20	2	89	1	2	0
20	2	144	1	3	1
20	2	160	2	4	0
20	2	90	1	2	0
20	2	192	1	4	0
20	2	102	2	3	0
20	2	37	1	1	0
20	2	157	2	4	0
20	2	12	2	1	0
20	2	126	1	3	1
20	2	56	2	2	0
20	2	195	1	4	0
20	2	161	2	4	0
20	2	18	2	1	0
20	2	138	1	3	1
20	2	111	2	3	1
20	2	74	2	2	1
20	2	175	2	4	0
20	2	92	1	2	1
20	2	35	1	1	0
20	2	106	2	3	1
20	2	70	2	2	1
20	2	60	2	2	1
20	2	50	1	1	0
20	2	69	2	2	1
20	2	82	1	2	1
20	2	36	1	1	0
20	2	179	1	4	0
20	2	86	1	2	1
20	2	97	1	2	0
20	2	110	2	3	1
20	2	165	2	4	0
20	2	45	1	1	0
20	2	137	1	3	1
20	2	118	2	3	0
20	2	2	2	1	0
20	2	124	2	3	0
20	2	43	1	1	0
20	2	199	1	4	0
20	2	7	2	1	0
20	2	180	1	4	1
20	2	61	2	2	1
20	2	193	1	4	0
20	2	131	1	3	1
20	2	48	1	1	0
20	2	83	1	2	1
20	2	123	2	3	0
20	2	84	1	2	0
20	2	162	2	4	0
20	2	51	2	2	0
20	2	197	1	4	0
20	2	20	2	1	0
20	2	176	1	4	0
20	2	166	2	4	1
20	2	96	1	2	0
20	2	99	1	2	0
20	2	151	2	4	0
20	2	67	2	2	1
20	2	66	2	2	0
20	2	141	1	3	1
20	2	58	2	2	1
20	2	186	1	4	0
20	2	80	1	2	1
20	2	134	1	3	1
20	2	121	2	3	0
20	2	156	2	4	0
20	2	154	2	4	0
20	2	116	2	3	1
20	2	196	1	4	0
20	2	170	2	4	0
20	2	181	1	4	0
20	2	40	1	1	1
20	2	114	2	3	0
20	2	153	2	4	0
20	2	113	2	3	1
20	2	33	1	1	0
20	2	71	2	2	1
20	2	16	2	1	1
20	2	62	2	2	1
20	2	98	1	2	0
20	2	108	2	3	1
20	2	41	1	1	1
20	2	119	2	3	1
20	2	54	2	2	1
20	2	49	1	1	0
20	2	133	1	3	1
20	2	183	1	4	0
20	2	169	2	4	0
20	2	171	2	4	0
20	2	8	2	1	0
20	2	88	1	2	1
20	2	95	1	2	1
20	2	129	1	3	1
20	2	77	1	2	0
20	2	4	2	1	0
20	2	31	1	1	0
20	2	30	1	1	0
20	2	68	2	2	0
20	2	47	1	1	1
20	2	188	1	4	0
20	2	135	1	3	0
20	2	1	2	1	0
20	2	163	2	4	1
20	2	29	1	1	0
20	2	147	1	3	1
20	2	19	2	1	0
20	2	136	1	3	1
20	2	148	1	3	1
20	2	191	1	4	1
20	2	177	1	4	0
20	2	72	2	2	1
20	2	39	1	1	0
20	2	117	2	3	0
20	2	132	1	3	0
20	2	142	1	3	1
20	2	6	2	1	0
20	2	167	2	4	0
20	2	81	1	2	1
20	2	184	1	4	0
20	2	17	2	1	1
20	2	23	2	1	1
20	2	59	2	2	0
20	2	38	1	1	0
20	2	130	1	3	1
20	2	9	2	1	0
20	2	115	2	3	0
20	2	198	1	4	1
20	2	79	1	2	0
20	2	100	1	2	0
20	2	140	1	3	1
20	2	139	1	3	1
20	2	65	2	2	0
20	2	158	2	4	0
20	2	11	2	1	0
20	2	44	1	1	0
20	2	104	2	3	1
20	2	21	2	1	0
20	2	120	2	3	1
20	2	174	2	4	0
20	2	52	2	2	1
20	2	94	1	2	0
20	2	87	1	2	1
20	2	164	2	4	0
20	2	63	2	2	1
20	2	78	1	2	0
20	2	168	2	4	0
20	2	76	1	2	1
20	2	187	1	4	0
20	2	42	1	1	0
20	2	155	2	4	0
20	2	101	2	3	0
20	2	178	1	4	0
20	2	200	1	4	0
20	2	3	2	1	0
20	2	107	2	3	1
20	2	53	2	2	0
20	2	15	2	1	0
20	2	145	1	3	1
20	2	185	1	4	0
20	2	173	2	4	0
20	2	34	1	1	0
21	1	161	1	4	0
21	1	90	2	2	0
21	1	197	2	4	1
21	1	99	2	2	1
21	1	69	1	2	1
21	1	191	2	4	0
21	1	176	2	4	0
21	1	155	1	4	1
21	1	5	1	1	1
21	1	54	1	2	1
21	1	124	1	3	1
21	1	85	2	2	1
21	1	22	1	1	1
21	1	47	2	1	1
21	1	163	1	4	1
21	1	81	2	2	1
21	1	136	2	3	0
21	1	148	2	3	1
21	1	64	1	2	1
21	1	39	2	1	0
21	1	3	1	1	1
21	1	134	2	3	0
21	1	94	2	2	1
21	1	74	1	2	1
21	1	59	1	2	1
21	1	37	2	1	1
21	1	28	2	1	0
21	1	17	1	1	1
21	1	87	2	2	1
21	1	133	2	3	0
21	1	10	1	1	0
21	1	149	2	3	0
21	1	31	2	1	0
21	1	41	2	1	0
21	1	138	2	3	0
21	1	122	1	3	0
21	1	49	2	1	0
21	1	113	1	3	0
21	1	115	1	3	1
21	1	101	1	3	0
21	1	9	1	1	1
21	1	184	2	4	1
21	1	112	1	3	1
21	1	189	2	4	0
21	1	4	1	1	1
21	1	36	2	1	0
21	1	177	2	4	0
21	1	108	1	3	1
21	1	11	1	1	1
21	1	88	2	2	1
21	1	67	1	2	0
21	1	33	2	1	1
21	1	118	1	3	0
21	1	166	1	4	1
21	1	153	1	4	0
21	1	26	2	1	0
21	1	130	2	3	0
21	1	182	2	4	0
21	1	53	1	2	1
21	1	60	1	2	1
21	1	169	1	4	1
21	1	147	2	3	0
21	1	24	1	1	1
21	1	84	2	2	1
21	1	114	1	3	0
21	1	146	2	3	1
21	1	30	2	1	0
21	1	58	1	2	1
21	1	156	1	4	0
21	1	139	2	3	0
21	1	172	1	4	0
21	1	171	1	4	0
21	1	78	2	2	0
21	1	180	2	4	0
21	1	120	1	3	0
21	1	167	1	4	0
21	1	128	2	3	1
21	1	44	2	1	0
21	1	95	2	2	1
21	1	143	2	3	0
21	1	97	2	2	1
21	1	162	1	4	0
21	1	40	2	1	0
21	1	1	1	1	0
21	1	178	2	4	0
21	1	199	2	4	0
21	1	46	2	1	0
21	1	135	2	3	0
21	1	35	2	1	1
21	1	170	1	4	0
21	1	91	2	2	1
21	1	48	2	1	0
21	1	190	2	4	0
21	1	187	2	4	0
21	1	188	2	4	0
21	1	66	1	2	1
21	1	6	1	1	0
21	1	116	1	3	1
21	1	142	2	3	0
21	1	55	1	2	0
21	1	157	1	4	0
21	1	50	2	1	0
21	1	159	1	4	1
21	1	2	1	1	0
21	1	71	1	2	1
21	1	164	1	4	0
21	1	117	1	3	0
21	1	45	2	1	0
21	1	110	1	3	1
21	1	107	1	3	0
21	1	38	2	1	0
21	1	100	2	2	1
21	1	140	2	3	0
21	1	111	1	3	1
21	1	27	2	1	0
21	1	145	2	3	0
21	1	103	1	3	1
21	1	158	1	4	0
21	1	127	2	3	0
21	1	20	1	1	0
21	1	29	2	1	1
21	1	52	1	2	1
21	1	123	1	3	0
21	1	68	1	2	1
21	1	129	2	3	1
21	1	121	1	3	1
21	1	198	2	4	1
21	1	194	2	4	1
21	1	104	1	3	1
21	1	179	2	4	0
21	1	12	1	1	0
21	1	14	1	1	0
21	1	7	1	1	0
21	1	72	1	2	1
21	1	25	1	1	1
21	1	83	2	2	1
21	1	13	1	1	1
21	1	15	1	1	1
21	1	75	1	2	1
21	1	77	2	2	0
21	1	168	1	4	0
21	1	150	2	3	1
21	1	89	2	2	1
21	1	183	2	4	0
21	1	92	2	2	1
21	1	200	2	4	0
21	1	16	1	1	1
21	1	65	1	2	1
21	1	73	1	2	1
21	1	144	2	3	1
21	1	109	1	3	1
21	1	102	1	3	1
21	1	93	2	2	1
21	1	23	1	1	1
21	1	173	1	4	0
21	1	18	1	1	0
21	1	76	2	2	1
21	1	32	2	1	1
21	1	132	2	3	0
21	1	63	1	2	0
21	1	19	1	1	0
21	1	195	2	4	0
21	1	80	2	2	1
21	1	185	2	4	1
21	1	160	1	4	1
21	1	137	2	3	0
21	1	42	2	1	0
21	1	181	2	4	0
21	1	8	1	1	0
21	1	186	2	4	0
21	1	43	2	1	0
21	1	105	1	3	0
21	1	57	1	2	1
21	1	131	2	3	1
21	1	98	2	2	1
21	1	56	1	2	1
21	1	51	1	2	1
21	1	106	1	3	1
21	1	70	1	2	0
21	1	86	2	2	0
21	1	125	1	3	0
21	1	62	1	2	1
21	1	165	1	4	0
21	1	196	2	4	0
21	1	174	1	4	1
21	1	82	2	2	1
21	1	21	1	1	0
21	1	34	2	1	0
21	1	193	2	4	0
21	1	126	2	3	0
21	1	151	1	4	0
21	1	152	1	4	0
21	1	96	2	2	0
21	1	119	1	3	0
21	1	61	1	2	1
21	1	154	1	4	1
21	1	175	1	4	0
21	1	79	2	2	0
21	1	141	2	3	0
21	1	192	2	4	0
22	2	16	2	1	1
22	2	41	1	1	0
22	2	13	2	1	1
22	2	79	1	2	1
22	2	125	2	3	0
22	2	93	1	2	0
22	2	5	2	1	1
22	2	127	1	3	0
22	2	137	1	3	0
22	2	7	2	1	1
22	2	196	1	4	0
22	2	55	2	2	0
22	2	60	2	2	1
22	2	150	1	3	0
22	2	109	2	3	0
22	2	94	1	2	0
22	2	158	2	4	0
22	2	15	2	1	1
22	2	51	2	2	1
22	2	62	2	2	1
22	2	20	2	1	0
22	2	189	1	4	0
22	2	192	1	4	0
22	2	2	2	1	0
22	2	27	1	1	1
22	2	139	1	3	0
22	2	43	1	1	1
22	2	164	2	4	0
22	2	188	1	4	0
22	2	105	2	3	1
22	2	110	2	3	1
22	2	155	2	4	0
22	2	3	2	1	0
22	2	172	2	4	0
22	2	141	1	3	1
22	2	156	2	4	0
22	2	24	2	1	0
22	2	144	1	3	0
22	2	161	2	4	0
22	2	194	1	4	0
22	2	76	1	2	1
22	2	71	2	2	0
22	2	64	2	2	1
22	2	30	1	1	0
22	2	23	2	1	1
22	2	114	2	3	0
22	2	48	1	1	1
22	2	73	2	2	0
22	2	130	1	3	0
22	2	74	2	2	1
22	2	65	2	2	1
22	2	153	2	4	0
22	2	171	2	4	0
22	2	54	2	2	1
22	2	50	1	1	0
22	2	199	1	4	0
22	2	115	2	3	0
22	2	28	1	1	0
22	2	85	1	2	1
22	2	151	2	4	1
22	2	112	2	3	0
22	2	146	1	3	0
22	2	77	1	2	1
22	2	142	1	3	0
22	2	166	2	4	1
22	2	122	2	3	0
22	2	67	2	2	1
22	2	33	1	1	0
22	2	53	2	2	1
22	2	174	2	4	1
22	2	197	1	4	0
22	2	147	1	3	1
22	2	49	1	1	0
22	2	35	1	1	0
22	2	83	1	2	0
22	2	1	2	1	1
22	2	81	1	2	0
22	2	200	1	4	0
22	2	129	1	3	1
22	2	89	1	2	1
22	2	133	1	3	1
22	2	101	2	3	0
22	2	92	1	2	0
22	2	117	2	3	1
22	2	39	1	1	1
22	2	95	1	2	0
22	2	173	2	4	0
22	2	36	1	1	0
22	2	113	2	3	0
22	2	190	1	4	0
22	2	47	1	1	1
22	2	18	2	1	0
22	2	193	1	4	0
22	2	100	1	2	1
22	2	52	2	2	1
22	2	22	2	1	1
22	2	179	1	4	1
22	2	159	2	4	0
22	2	17	2	1	1
22	2	140	1	3	1
22	2	126	1	3	0
22	2	88	1	2	1
22	2	186	1	4	0
22	2	10	2	1	1
22	2	157	2	4	0
22	2	63	2	2	1
22	2	40	1	1	1
22	2	123	2	3	1
22	2	178	1	4	0
22	2	167	2	4	0
22	2	148	1	3	0
22	2	175	2	4	0
22	2	131	1	3	1
22	2	107	2	3	0
22	2	152	2	4	0
22	2	12	2	1	0
22	2	111	2	3	0
22	2	99	1	2	1
22	2	177	1	4	0
22	2	78	1	2	1
22	2	135	1	3	0
22	2	58	2	2	1
22	2	31	1	1	1
22	2	75	2	2	1
22	2	183	1	4	0
22	2	38	1	1	0
22	2	21	2	1	1
22	2	59	2	2	0
22	2	45	1	1	1
22	2	19	2	1	1
22	2	46	1	1	0
22	2	70	2	2	0
22	2	98	1	2	0
22	2	97	1	2	1
22	2	103	2	3	0
22	2	32	1	1	0
22	2	143	1	3	0
22	2	34	1	1	1
22	2	154	2	4	0
22	2	106	2	3	1
22	2	66	2	2	1
22	2	124	2	3	0
22	2	87	1	2	1
22	2	69	2	2	1
22	2	37	1	1	0
22	2	108	2	3	0
22	2	163	2	4	0
22	2	11	2	1	0
22	2	42	1	1	1
22	2	162	2	4	0
22	2	116	2	3	0
22	2	26	1	1	1
22	2	176	1	4	0
22	2	191	1	4	0
22	2	120	2	3	0
22	2	149	1	3	0
22	2	187	1	4	0
22	2	29	1	1	0
22	2	82	1	2	1
22	2	102	2	3	0
22	2	195	1	4	0
22	2	6	2	1	0
22	2	134	1	3	0
22	2	57	2	2	0
22	2	121	2	3	0
22	2	9	2	1	0
22	2	104	2	3	0
22	2	138	1	3	0
22	2	84	1	2	1
22	2	96	1	2	1
22	2	8	2	1	1
22	2	86	1	2	1
22	2	72	2	2	0
22	2	25	2	1	1
22	2	119	2	3	0
22	2	91	1	2	1
22	2	68	2	2	1
22	2	184	1	4	1
22	2	169	2	4	0
22	2	90	1	2	1
22	2	165	2	4	0
22	2	160	2	4	0
22	2	198	1	4	0
22	2	14	2	1	1
22	2	182	1	4	0
22	2	44	1	1	1
22	2	185	1	4	0
22	2	170	2	4	1
22	2	80	1	2	1
22	2	168	2	4	0
22	2	145	1	3	1
22	2	132	1	3	0
22	2	180	1	4	0
22	2	136	1	3	0
22	2	118	2	3	0
22	2	181	1	4	0
22	2	61	2	2	1
22	2	4	2	1	0
22	2	128	1	3	0
22	2	56	2	2	1
23	1	55	1	2	0
23	1	44	2	1	1
23	1	70	1	2	1
23	1	76	2	2	0
23	1	91	2	2	0
23	1	130	2	3	0
23	1	53	1	2	1
23	1	177	2	4	0
23	1	90	2	2	1
23	1	54	1	2	1
23	1	153	1	4	0
23	1	156	1	4	1
23	1	72	1	2	1
23	1	86	2	2	1
23	1	187	2	4	1
23	1	87	2	2	1
23	1	50	2	1	1
23	1	94	2	2	1
23	1	69	1	2	1
23	1	174	1	4	1
23	1	192	2	4	0
23	1	157	1	4	1
23	1	13	1	1	0
23	1	29	2	1	0
23	1	47	2	1	1
23	1	98	2	2	1
23	1	18	1	1	1
23	1	132	2	3	1
23	1	36	2	1	0
23	1	137	2	3	1
23	1	159	1	4	1
23	1	7	1	1	1
23	1	134	2	3	1
23	1	28	2	1	0
23	1	145	2	3	0
23	1	39	2	1	1
23	1	115	1	3	1
23	1	128	2	3	1
23	1	143	2	3	1
23	1	51	1	2	1
23	1	146	2	3	1
23	1	75	1	2	1
23	1	79	2	2	0
23	1	2	1	1	1
23	1	155	1	4	1
23	1	105	1	3	1
23	1	1	1	1	1
23	1	189	2	4	1
23	1	73	1	2	1
23	1	104	1	3	1
23	1	113	1	3	1
23	1	25	1	1	1
23	1	148	2	3	1
23	1	34	2	1	1
23	1	88	2	2	1
23	1	183	2	4	1
23	1	122	1	3	1
23	1	96	2	2	1
23	1	133	2	3	0
23	1	178	2	4	1
23	1	41	2	1	1
23	1	60	1	2	1
23	1	83	2	2	1
23	1	161	1	4	1
23	1	150	2	3	1
23	1	111	1	3	1
23	1	26	2	1	1
23	1	21	1	1	1
23	1	5	1	1	1
23	1	82	2	2	1
23	1	80	2	2	1
23	1	142	2	3	1
23	1	84	2	2	0
23	1	186	2	4	1
23	1	171	1	4	1
23	1	23	1	1	1
23	1	64	1	2	1
23	1	151	1	4	1
23	1	144	2	3	0
23	1	190	2	4	0
23	1	102	1	3	1
23	1	170	1	4	1
23	1	38	2	1	0
23	1	93	2	2	0
23	1	107	1	3	1
23	1	109	1	3	1
23	1	95	2	2	0
23	1	188	2	4	0
23	1	193	2	4	1
23	1	135	2	3	1
23	1	100	2	2	1
23	1	4	1	1	1
23	1	125	1	3	0
23	1	20	1	1	1
23	1	35	2	1	0
23	1	33	2	1	1
23	1	74	1	2	1
23	1	160	1	4	1
23	1	65	1	2	1
23	1	61	1	2	1
23	1	85	2	2	1
23	1	124	1	3	1
23	1	166	1	4	1
23	1	3	1	1	1
23	1	168	1	4	1
23	1	136	2	3	1
23	1	40	2	1	1
23	1	127	2	3	0
23	1	30	2	1	1
23	1	123	1	3	1
23	1	97	2	2	1
23	1	140	2	3	1
23	1	71	1	2	1
23	1	141	2	3	0
23	1	185	2	4	1
23	1	182	2	4	1
23	1	27	2	1	1
23	1	9	1	1	1
23	1	67	1	2	1
23	1	194	2	4	0
23	1	191	2	4	1
23	1	172	1	4	1
23	1	48	2	1	1
23	1	56	1	2	1
23	1	158	1	4	1
23	1	57	1	2	1
23	1	180	2	4	1
23	1	52	1	2	1
23	1	179	2	4	0
23	1	173	1	4	1
23	1	116	1	3	1
23	1	120	1	3	1
23	1	16	1	1	1
23	1	131	2	3	1
23	1	119	1	3	1
23	1	184	2	4	1
23	1	17	1	1	1
23	1	198	2	4	1
23	1	78	2	2	1
23	1	165	1	4	1
23	1	164	1	4	1
23	1	59	1	2	1
23	1	152	1	4	1
23	1	6	1	1	1
23	1	138	2	3	1
23	1	63	1	2	1
23	1	58	1	2	1
23	1	68	1	2	1
23	1	162	1	4	1
23	1	8	1	1	1
23	1	46	2	1	1
23	1	149	2	3	1
23	1	49	2	1	1
23	1	101	1	3	0
23	1	92	2	2	1
23	1	126	2	3	0
23	1	15	1	1	1
23	1	103	1	3	1
23	1	106	1	3	1
23	1	42	2	1	1
23	1	11	1	1	1
23	1	12	1	1	1
23	1	77	2	2	1
23	1	114	1	3	1
23	1	37	2	1	1
23	1	110	1	3	1
23	1	45	2	1	1
23	1	196	2	4	0
23	1	43	2	1	0
23	1	31	2	1	1
23	1	175	1	4	1
23	1	200	2	4	1
23	1	154	1	4	1
23	1	14	1	1	1
23	1	167	1	4	1
23	1	108	1	3	1
23	1	195	2	4	0
23	1	129	2	3	0
23	1	66	1	2	1
23	1	118	1	3	1
23	1	89	2	2	1
23	1	112	1	3	1
23	1	19	1	1	1
23	1	81	2	2	1
23	1	169	1	4	1
23	1	121	1	3	1
23	1	139	2	3	0
23	1	181	2	4	0
23	1	62	1	2	1
23	1	197	2	4	1
23	1	99	2	2	1
23	1	32	2	1	1
23	1	24	1	1	0
23	1	22	1	1	1
23	1	163	1	4	1
23	1	199	2	4	0
23	1	10	1	1	1
23	1	147	2	3	0
23	1	117	1	3	0
23	1	176	2	4	1
24	2	35	1	1	1
24	2	37	1	1	1
24	2	197	1	4	1
24	2	168	2	4	1
24	2	105	2	3	0
24	2	191	1	4	1
24	2	153	2	4	1
24	2	160	2	4	1
24	2	110	2	3	1
24	2	170	2	4	1
24	2	192	1	4	0
24	2	165	2	4	1
24	2	117	2	3	0
24	2	5	2	1	1
24	2	38	1	1	1
24	2	183	1	4	1
24	2	66	2	2	1
24	2	58	2	2	1
24	2	137	1	3	1
24	2	179	1	4	1
24	2	140	1	3	1
24	2	2	2	1	1
24	2	133	1	3	1
24	2	43	1	1	1
24	2	143	1	3	0
24	2	3	2	1	0
24	2	188	1	4	0
24	2	80	1	2	0
24	2	123	2	3	0
24	2	187	1	4	1
24	2	27	1	1	1
24	2	171	2	4	1
24	2	67	2	2	1
24	2	169	2	4	1
24	2	144	1	3	0
24	2	193	1	4	0
24	2	84	1	2	1
24	2	12	2	1	1
24	2	72	2	2	1
24	2	48	1	1	1
24	2	61	2	2	1
24	2	86	1	2	1
24	2	40	1	1	1
24	2	14	2	1	0
24	2	59	2	2	1
24	2	77	1	2	1
24	2	73	2	2	1
24	2	24	2	1	1
24	2	167	2	4	1
24	2	32	1	1	1
24	2	126	1	3	1
24	2	57	2	2	1
24	2	51	2	2	1
24	2	127	1	3	0
24	2	182	1	4	1
24	2	195	1	4	1
24	2	200	1	4	1
24	2	97	1	2	1
24	2	22	2	1	1
24	2	181	1	4	0
24	2	139	1	3	0
24	2	68	2	2	1
24	2	129	1	3	1
24	2	175	2	4	1
24	2	128	1	3	0
24	2	122	2	3	0
24	2	96	1	2	1
24	2	83	1	2	1
24	2	69	2	2	0
24	2	34	1	1	1
24	2	17	2	1	0
24	2	18	2	1	1
24	2	134	1	3	1
24	2	164	2	4	1
24	2	60	2	2	1
24	2	111	2	3	1
24	2	19	2	1	0
24	2	23	2	1	1
24	2	36	1	1	1
24	2	116	2	3	0
24	2	54	2	2	1
24	2	104	2	3	0
24	2	146	1	3	1
24	2	9	2	1	1
24	2	124	2	3	1
24	2	81	1	2	1
24	2	121	2	3	1
24	2	87	1	2	1
24	2	186	1	4	1
24	2	82	1	2	1
24	2	98	1	2	1
24	2	8	2	1	0
24	2	25	2	1	1
24	2	47	1	1	1
24	2	152	2	4	1
24	2	95	1	2	1
24	2	176	1	4	1
24	2	94	1	2	0
24	2	155	2	4	1
24	2	107	2	3	0
24	2	93	1	2	1
24	2	119	2	3	1
24	2	120	2	3	0
24	2	130	1	3	1
24	2	1	2	1	0
24	2	142	1	3	1
24	2	189	1	4	1
24	2	21	2	1	0
24	2	151	2	4	1
24	2	174	2	4	1
24	2	46	1	1	1
24	2	31	1	1	1
24	2	178	1	4	1
24	2	13	2	1	0
24	2	113	2	3	1
24	2	159	2	4	1
24	2	150	1	3	0
24	2	172	2	4	0
24	2	75	2	2	1
24	2	156	2	4	0
24	2	157	2	4	1
24	2	90	1	2	1
24	2	173	2	4	1
24	2	112	2	3	0
24	2	132	1	3	0
24	2	64	2	2	1
24	2	136	1	3	1
24	2	11	2	1	0
24	2	70	2	2	0
24	2	185	1	4	0
24	2	15	2	1	1
24	2	41	1	1	1
24	2	198	1	4	1
24	2	103	2	3	0
24	2	199	1	4	0
24	2	147	1	3	1
24	2	108	2	3	0
24	2	162	2	4	1
24	2	184	1	4	1
24	2	141	1	3	1
24	2	131	1	3	1
24	2	6	2	1	0
24	2	89	1	2	1
24	2	39	1	1	1
24	2	125	2	3	0
24	2	55	2	2	0
24	2	118	2	3	1
24	2	16	2	1	1
24	2	92	1	2	1
24	2	44	1	1	1
24	2	71	2	2	1
24	2	49	1	1	1
24	2	115	2	3	1
24	2	50	1	1	0
24	2	45	1	1	1
24	2	135	1	3	1
24	2	42	1	1	1
24	2	10	2	1	1
24	2	20	2	1	1
24	2	109	2	3	0
24	2	177	1	4	1
24	2	91	1	2	1
24	2	163	2	4	1
24	2	149	1	3	1
24	2	7	2	1	0
24	2	148	1	3	0
24	2	65	2	2	1
24	2	180	1	4	1
24	2	145	1	3	0
24	2	53	2	2	1
24	2	76	1	2	0
24	2	78	1	2	1
24	2	158	2	4	1
24	2	154	2	4	1
24	2	29	1	1	0
24	2	88	1	2	1
24	2	30	1	1	0
24	2	99	1	2	1
24	2	194	1	4	0
24	2	56	2	2	1
24	2	79	1	2	1
24	2	100	1	2	1
24	2	26	1	1	1
24	2	106	2	3	1
24	2	52	2	2	1
24	2	62	2	2	1
24	2	85	1	2	0
24	2	33	1	1	1
24	2	196	1	4	1
24	2	114	2	3	0
24	2	63	2	2	1
24	2	161	2	4	0
24	2	138	1	3	1
24	2	4	2	1	0
24	2	28	1	1	1
24	2	74	2	2	1
24	2	102	2	3	0
24	2	101	2	3	0
24	2	166	2	4	1
24	2	190	1	4	0
25	1	159	1	4	1
25	1	75	1	2	1
25	1	82	2	2	1
25	1	80	2	2	0
25	1	125	1	3	1
25	1	146	2	3	1
25	1	130	2	3	1
25	1	87	2	2	1
25	1	93	2	2	1
25	1	156	1	4	1
25	1	41	2	1	1
25	1	99	2	2	1
25	1	19	1	1	1
25	1	72	1	2	1
25	1	3	1	1	1
25	1	97	2	2	1
25	1	8	1	1	1
25	1	157	1	4	1
25	1	36	2	1	0
25	1	112	1	3	1
25	1	191	2	4	0
25	1	172	1	4	1
25	1	73	1	2	1
25	1	175	1	4	1
25	1	151	1	4	1
25	1	186	2	4	1
25	1	150	2	3	1
25	1	66	1	2	1
25	1	71	1	2	1
25	1	102	1	3	1
25	1	28	2	1	1
25	1	196	2	4	1
25	1	55	1	2	1
25	1	136	2	3	0
25	1	198	2	4	1
25	1	17	1	1	1
25	1	103	1	3	1
25	1	39	2	1	1
25	1	53	1	2	1
25	1	108	1	3	1
25	1	4	1	1	1
25	1	187	2	4	1
25	1	85	2	2	1
25	1	24	1	1	1
25	1	58	1	2	1
25	1	61	1	2	1
25	1	95	2	2	1
25	1	139	2	3	1
25	1	121	1	3	1
25	1	184	2	4	1
25	1	49	2	1	1
25	1	77	2	2	1
25	1	116	1	3	1
25	1	30	2	1	1
25	1	81	2	2	1
25	1	6	1	1	1
25	1	120	1	3	1
25	1	194	2	4	0
25	1	48	2	1	0
25	1	21	1	1	1
25	1	33	2	1	1
25	1	107	1	3	1
25	1	129	2	3	0
25	1	181	2	4	0
25	1	22	1	1	1
25	1	124	1	3	1
25	1	54	1	2	1
25	1	166	1	4	1
25	1	174	1	4	1
25	1	179	2	4	1
25	1	105	1	3	1
25	1	76	2	2	1
25	1	9	1	1	1
25	1	68	1	2	1
25	1	109	1	3	1
25	1	185	2	4	1
25	1	115	1	3	1
25	1	84	2	2	1
25	1	144	2	3	1
25	1	141	2	3	1
25	1	37	2	1	1
25	1	50	2	1	1
25	1	70	1	2	1
25	1	25	1	1	1
25	1	96	2	2	1
25	1	117	1	3	1
25	1	195	2	4	1
25	1	31	2	1	1
25	1	160	1	4	1
25	1	140	2	3	1
25	1	47	2	1	1
25	1	78	2	2	1
25	1	1	1	1	1
25	1	173	1	4	1
25	1	60	1	2	1
25	1	86	2	2	1
25	1	74	1	2	1
25	1	134	2	3	1
25	1	176	2	4	1
25	1	35	2	1	0
25	1	128	2	3	0
25	1	34	2	1	1
25	1	11	1	1	0
25	1	10	1	1	1
25	1	101	1	3	0
25	1	153	1	4	1
25	1	7	1	1	1
25	1	142	2	3	0
25	1	122	1	3	1
25	1	199	2	4	0
25	1	163	1	4	1
25	1	137	2	3	0
25	1	164	1	4	1
25	1	118	1	3	1
25	1	64	1	2	1
25	1	46	2	1	1
25	1	42	2	1	1
25	1	16	1	1	1
25	1	177	2	4	0
25	1	106	1	3	1
25	1	193	2	4	1
25	1	178	2	4	1
25	1	59	1	2	1
25	1	119	1	3	0
25	1	168	1	4	1
25	1	190	2	4	0
25	1	18	1	1	1
25	1	200	2	4	1
25	1	161	1	4	1
25	1	15	1	1	1
25	1	135	2	3	0
25	1	147	2	3	0
25	1	110	1	3	1
25	1	56	1	2	1
25	1	14	1	1	1
25	1	69	1	2	1
25	1	79	2	2	1
25	1	83	2	2	1
25	1	152	1	4	1
25	1	20	1	1	1
25	1	26	2	1	1
25	1	12	1	1	1
25	1	57	1	2	1
25	1	114	1	3	1
25	1	62	1	2	1
25	1	94	2	2	1
25	1	183	2	4	1
25	1	180	2	4	0
25	1	127	2	3	0
25	1	126	2	3	1
25	1	104	1	3	1
25	1	52	1	2	1
25	1	89	2	2	1
25	1	90	2	2	1
25	1	29	2	1	1
25	1	65	1	2	1
25	1	158	1	4	1
25	1	123	1	3	0
25	1	67	1	2	1
25	1	145	2	3	0
25	1	148	2	3	0
25	1	27	2	1	1
25	1	138	2	3	1
25	1	131	2	3	1
25	1	51	1	2	1
25	1	182	2	4	1
25	1	88	2	2	1
25	1	111	1	3	1
25	1	5	1	1	1
25	1	63	1	2	1
25	1	44	2	1	1
25	1	133	2	3	0
25	1	45	2	1	1
25	1	43	2	1	1
25	1	40	2	1	1
25	1	162	1	4	1
25	1	2	1	1	1
25	1	149	2	3	1
25	1	188	2	4	0
25	1	197	2	4	1
25	1	154	1	4	1
25	1	143	2	3	0
25	1	155	1	4	1
25	1	13	1	1	0
25	1	92	2	2	1
25	1	38	2	1	1
25	1	167	1	4	0
25	1	113	1	3	1
25	1	171	1	4	0
25	1	98	2	2	1
25	1	100	2	2	1
25	1	189	2	4	1
25	1	32	2	1	1
25	1	91	2	2	1
25	1	170	1	4	1
25	1	132	2	3	0
25	1	165	1	4	1
25	1	23	1	1	1
25	1	192	2	4	0
25	1	169	1	4	1
26	2	165	2	4	1
26	2	98	1	2	1
26	2	164	2	4	1
26	2	25	2	1	1
26	2	137	1	3	1
26	2	138	1	3	1
26	2	147	1	3	1
26	2	182	1	4	0
26	2	65	2	2	1
26	2	9	2	1	1
26	2	178	1	4	1
26	2	11	2	1	1
26	2	13	2	1	0
26	2	188	1	4	0
26	2	81	1	2	1
26	2	94	1	2	1
26	2	39	1	1	1
26	2	7	2	1	1
26	2	85	1	2	1
26	2	172	2	4	1
26	2	154	2	4	1
26	2	123	2	3	1
26	2	133	1	3	1
26	2	60	2	2	1
26	2	122	2	3	0
26	2	128	1	3	0
26	2	63	2	2	1
26	2	72	2	2	1
26	2	38	1	1	0
26	2	44	1	1	1
26	2	168	2	4	1
26	2	108	2	3	0
26	2	37	1	1	1
26	2	141	1	3	1
26	2	75	2	2	1
26	2	93	1	2	1
26	2	84	1	2	1
26	2	179	1	4	1
26	2	33	1	1	1
26	2	111	2	3	1
26	2	80	1	2	1
26	2	82	1	2	1
26	2	42	1	1	1
26	2	194	1	4	1
26	2	12	2	1	1
26	2	26	1	1	1
26	2	62	2	2	1
26	2	23	2	1	1
26	2	140	1	3	1
26	2	185	1	4	1
26	2	106	2	3	1
26	2	68	2	2	1
26	2	4	2	1	1
26	2	136	1	3	0
26	2	96	1	2	0
26	2	167	2	4	1
26	2	76	1	2	1
26	2	139	1	3	1
26	2	78	1	2	1
26	2	83	1	2	1
26	2	61	2	2	1
26	2	198	1	4	1
26	2	119	2	3	1
26	2	79	1	2	0
26	2	160	2	4	1
26	2	47	1	1	1
26	2	166	2	4	1
26	2	157	2	4	1
26	2	146	1	3	1
26	2	180	1	4	1
26	2	173	2	4	1
26	2	190	1	4	1
26	2	112	2	3	1
26	2	158	2	4	1
26	2	28	1	1	1
26	2	59	2	2	1
26	2	3	2	1	1
26	2	101	2	3	0
26	2	124	2	3	1
26	2	174	2	4	1
26	2	90	1	2	1
26	2	74	2	2	1
26	2	135	1	3	1
26	2	54	2	2	1
26	2	153	2	4	1
26	2	97	1	2	1
26	2	171	2	4	1
26	2	99	1	2	1
26	2	35	1	1	0
26	2	170	2	4	1
26	2	88	1	2	1
26	2	95	1	2	1
26	2	161	2	4	1
26	2	69	2	2	1
26	2	177	1	4	0
26	2	103	2	3	1
26	2	142	1	3	1
26	2	176	1	4	1
26	2	30	1	1	0
26	2	155	2	4	1
26	2	100	1	2	0
26	2	156	2	4	1
26	2	159	2	4	1
26	2	143	1	3	1
26	2	53	2	2	1
26	2	64	2	2	1
26	2	14	2	1	0
26	2	18	2	1	1
26	2	66	2	2	0
26	2	192	1	4	1
26	2	134	1	3	1
26	2	34	1	1	1
26	2	109	2	3	0
26	2	130	1	3	1
26	2	144	1	3	1
26	2	36	1	1	0
26	2	2	2	1	1
26	2	145	1	3	0
26	2	40	1	1	1
26	2	110	2	3	1
26	2	71	2	2	1
26	2	187	1	4	1
26	2	67	2	2	1
26	2	105	2	3	1
26	2	58	2	2	1
26	2	8	2	1	1
26	2	186	1	4	1
26	2	121	2	3	1
26	2	181	1	4	1
26	2	107	2	3	0
26	2	175	2	4	1
26	2	169	2	4	1
26	2	127	1	3	1
26	2	45	1	1	1
26	2	184	1	4	1
26	2	6	2	1	0
26	2	197	1	4	1
26	2	29	1	1	1
26	2	191	1	4	1
26	2	15	2	1	1
26	2	55	2	2	1
26	2	193	1	4	1
26	2	92	1	2	1
26	2	19	2	1	0
26	2	5	2	1	1
26	2	150	1	3	0
26	2	20	2	1	1
26	2	116	2	3	0
26	2	163	2	4	1
26	2	148	1	3	1
26	2	77	1	2	1
26	2	91	1	2	1
26	2	200	1	4	1
26	2	46	1	1	1
26	2	102	2	3	1
26	2	104	2	3	0
26	2	114	2	3	0
26	2	17	2	1	0
26	2	118	2	3	1
26	2	86	1	2	1
26	2	89	1	2	1
26	2	129	1	3	1
26	2	52	2	2	1
26	2	21	2	1	0
26	2	195	1	4	1
26	2	51	2	2	1
26	2	48	1	1	1
26	2	73	2	2	1
26	2	183	1	4	1
26	2	120	2	3	0
26	2	196	1	4	1
26	2	189	1	4	1
26	2	115	2	3	0
26	2	31	1	1	1
26	2	117	2	3	0
26	2	70	2	2	1
26	2	24	2	1	1
26	2	56	2	2	1
26	2	162	2	4	1
26	2	41	1	1	1
26	2	49	1	1	1
26	2	126	1	3	1
26	2	43	1	1	0
26	2	27	1	1	1
26	2	152	2	4	1
26	2	87	1	2	1
26	2	1	2	1	1
26	2	113	2	3	1
26	2	10	2	1	1
26	2	199	1	4	0
26	2	57	2	2	1
26	2	125	2	3	1
26	2	50	1	1	0
26	2	132	1	3	0
26	2	131	1	3	1
26	2	22	2	1	0
26	2	151	2	4	1
26	2	32	1	1	1
26	2	149	1	3	1
26	2	16	2	1	1